    7.855444     7.389978     4.793933     4.835900     5.160972     5.073736     4.796229     5.142393     4.825411
    7.389978    16.649585     4.969217     5.433450     6.232620     5.936451     5.174851     6.063228     5.245862
    4.793933     4.969217     5.328980     4.673556     4.601865     4.667583     4.670261     4.551479     4.680684
    4.835900     5.433450     4.673556     5.673783     4.659641     4.713695     4.571841     4.654042     4.698709
    5.160972     6.232620     4.601865     4.659641     6.299249     4.676413     4.518948     4.736578     4.624912
    5.073736     5.936451     4.667583     4.713695     4.676413     5.947168     4.604250     4.680700     4.707512
    4.796229     5.174851     4.670261     4.571841     4.518948     4.604250     5.286827     4.540048     4.634106
    5.142393     6.063228     4.551479     4.654042     4.736578     4.680700     4.540048     6.410656     4.613536
    4.825411     5.245862     4.680684     4.698709     4.624912     4.707512     4.634106     4.613536     5.408357
