    8.034833     6.668424     4.422897     4.433895     4.632714     4.650255     4.384326     4.631451     4.397931
    6.668424    18.074711     4.332043     4.835845     5.640021     5.211364     4.517977     5.398521     4.476629
    4.422897     4.332043     5.486393     4.597351     4.406623     4.539217     4.671755     4.283230     4.597140
    4.433895     4.835845     4.597351     5.769480     4.389058     4.510463     4.509115     4.331067     4.560608
    4.632714     5.640021     4.406623     4.389058     6.412844     4.373171     4.338565     4.332945     4.375305
    4.650255     5.211364     4.539217     4.510463     4.373171     5.991183     4.460192     4.282722     4.533212
    4.384326     4.517977     4.671755     4.509115     4.338565     4.460192     5.481598     4.280554     4.599040
    4.631451     5.398521     4.283230     4.331067     4.332945     4.282722     4.280554     6.421002     4.283414
    4.397931     4.476629     4.597140     4.560608     4.375305     4.533212     4.599040     4.283414     5.500358
