0.001546  0.517771  0.001545  0.001546  0.001546  0.001545  0.001545  0.472957
0.002556  0.002556  0.002553  0.982115  0.002556  0.002554  0.002554  0.002556
0.002783  0.002783  0.002780  0.980526  0.002783  0.002781  0.002782  0.002783
0.001509  0.001509  0.001507  0.001509  0.001509  0.001508  0.001508  0.989442
0.322884  0.001509  0.001507  0.001509  0.668066  0.001508  0.001508  0.001509
0.001546  0.001546  0.001545  0.001546  0.001546  0.001545  0.001547  0.989179
0.001585  0.001585  0.001584  0.001585  0.001585  0.001584  0.001584  0.988907
0.001585  0.001585  0.001584  0.001585  0.001585  0.001584  0.001586  0.988905
0.002197  0.002197  0.002196  0.002197  0.271581  0.715239  0.002197  0.002197
0.006594  0.006594  0.006586  0.006594  0.006594  0.006592  0.953851  0.006595
0.001764  0.001764  0.001763  0.001764  0.001764  0.001764  0.987654  0.001764
0.005446  0.005445  0.005443  0.005446  0.584866  0.382461  0.005449  0.005446
0.001546  0.495349  0.001545  0.001546  0.001546  0.001545  0.001545  0.495378
0.133574  0.765432  0.001669  0.001670  0.001670  0.092647  0.001669  0.001670
0.326634  0.001585  0.001584  0.001585  0.663858  0.001584  0.001584  0.001585
0.003795  0.003795  0.003791  0.973445  0.003795  0.003792  0.003792  0.003795
0.001585  0.988904  0.001585  0.001585  0.001585  0.001586  0.001585  0.001585
0.007366  0.007365  0.007361  0.007367  0.007365  0.007362  0.007361  0.948453
0.987300  0.001815  0.001813  0.001815  0.001815  0.001814  0.001814  0.001815
0.001509  0.001509  0.001508  0.330982  0.659967  0.001508  0.001508  0.001509
0.001509  0.601179  0.001507  0.389772  0.001509  0.001508  0.001508  0.001509
0.001509  0.601179  0.001507  0.389772  0.001509  0.001508  0.001508  0.001509
0.002363  0.002363  0.002362  0.310694  0.412854  0.002363  0.264640  0.002363
0.001546  0.001546  0.001545  0.294190  0.001546  0.001545  0.001545  0.696537
0.001546  0.001546  0.001545  0.404502  0.586225  0.001545  0.001545  0.001546
0.373585  0.617365  0.001507  0.001509  0.001509  0.001508  0.001508  0.001509
0.372210  0.001546  0.001545  0.618516  0.001546  0.001545  0.001545  0.001546
0.523192  0.001509  0.001507  0.189366  0.279901  0.001508  0.001508  0.001509
0.009635  0.009638  0.009629  0.009634  0.009630  0.932565  0.009635  0.009634
0.989181  0.001546  0.001545  0.001546  0.001546  0.001545  0.001546  0.001546
0.002123  0.002123  0.002121  0.238824  0.748445  0.002121  0.002122  0.002123
0.002665  0.536348  0.002662  0.002664  0.002664  0.002663  0.002663  0.447671
0.125110  0.865840  0.001508  0.001509  0.001509  0.001508  0.001508  0.001509
0.001546  0.706929  0.001545  0.001546  0.001546  0.001545  0.001547  0.283795
0.001509  0.989442  0.001507  0.001509  0.001509  0.001508  0.001508  0.001509
0.001546  0.989178  0.001546  0.001546  0.001546  0.001545  0.001545  0.001546
0.001585  0.988908  0.001584  0.001585  0.001585  0.001584  0.001584  0.001585
0.002783  0.980527  0.002780  0.002783  0.002782  0.002781  0.002781  0.002783
0.001509  0.001509  0.001507  0.001509  0.001509  0.001508  0.001508  0.989442
0.001509  0.738219  0.001508  0.001509  0.001509  0.001508  0.001508  0.252731
0.097634  0.893316  0.001508  0.001509  0.001509  0.001508  0.001508  0.001509
0.001546  0.531856  0.001545  0.001546  0.001546  0.001545  0.001545  0.458871
0.001585  0.988908  0.001584  0.001585  0.001585  0.001584  0.001584  0.001585
0.001509  0.405486  0.001508  0.001509  0.001509  0.001508  0.001508  0.585463
0.001546  0.989182  0.001545  0.001546  0.001546  0.001545  0.001545  0.001546
0.001585  0.988908  0.001584  0.001585  0.001585  0.001584  0.001584  0.001585
0.574857  0.416092  0.001508  0.001509  0.001509  0.001508  0.001508  0.001509
0.005447  0.005448  0.005442  0.005447  0.005445  0.961880  0.005444  0.005447
0.001509  0.465017  0.001508  0.525934  0.001509  0.001508  0.001508  0.001509
0.001509  0.001509  0.001507  0.989440  0.001509  0.001508  0.001508  0.001509
0.001546  0.510419  0.001545  0.001546  0.001546  0.001545  0.001545  0.480309
0.373585  0.617365  0.001507  0.001509  0.001509  0.001508  0.001508  0.001509
0.004638  0.004638  0.004634  0.967542  0.004638  0.004636  0.004635  0.004638
0.001585  0.001585  0.001584  0.001585  0.001585  0.001584  0.001584  0.988907
0.001670  0.001670  0.001668  0.988316  0.001670  0.001669  0.001669  0.001670
0.001509  0.001509  0.001507  0.402819  0.588131  0.001508  0.001508  0.001509
0.001546  0.001546  0.001545  0.001546  0.001546  0.001545  0.001545  0.989181
0.384254  0.604860  0.001813  0.001815  0.001815  0.001814  0.001814  0.001815
0.001509  0.001509  0.001509  0.001509  0.001509  0.001508  0.001508  0.989440
0.001509  0.001509  0.001507  0.001509  0.001509  0.001508  0.001508  0.989442
0.001509  0.510511  0.001507  0.001509  0.001509  0.001508  0.001508  0.480440
0.001670  0.001670  0.001668  0.001670  0.001670  0.001669  0.001669  0.988316
0.001586  0.988903  0.001585  0.001586  0.001586  0.001585  0.001584  0.001586
0.233159  0.756826  0.001668  0.001670  0.001670  0.001669  0.001669  0.001670
0.988903  0.001586  0.001584  0.001586  0.001586  0.001585  0.001585  0.001586
0.001509  0.510509  0.001507  0.001509  0.001509  0.001508  0.001508  0.480442
0.001509  0.510510  0.001507  0.001509  0.001509  0.001508  0.001508  0.480441
0.544454  0.446272  0.001545  0.001546  0.001546  0.001545  0.001545  0.001546
0.001509  0.510507  0.001507  0.001509  0.001509  0.001508  0.001508  0.480443
0.001509  0.001509  0.001507  0.001509  0.001509  0.001508  0.001508  0.989442
0.001509  0.353930  0.001508  0.001509  0.001509  0.001508  0.001508  0.637020
0.001509  0.510516  0.001507  0.001509  0.001509  0.001508  0.001508  0.480435
0.226646  0.001869  0.001868  0.001869  0.346719  0.417290  0.001869  0.001869
0.002278  0.002278  0.002277  0.002278  0.002278  0.984058  0.002277  0.002278
0.002912  0.002912  0.002911  0.002912  0.002913  0.979616  0.002911  0.002913
0.620244  0.002912  0.002911  0.002912  0.002913  0.362285  0.002911  0.002912
0.235793  0.001509  0.001508  0.472125  0.284541  0.001508  0.001508  0.001509
0.001509  0.001509  0.001508  0.473572  0.517378  0.001508  0.001508  0.001509
0.462000  0.001670  0.001669  0.001670  0.001670  0.527983  0.001669  0.001670
0.691745  0.001716  0.001716  0.001715  0.001715  0.297962  0.001715  0.001716
0.001869  0.001869  0.001869  0.001869  0.001869  0.986918  0.001869  0.001869
0.001509  0.001509  0.001507  0.402819  0.588131  0.001508  0.001508  0.001509
0.001509  0.601179  0.001507  0.389772  0.001509  0.001508  0.001508  0.001509
0.007365  0.007370  0.007363  0.007367  0.007365  0.948439  0.007365  0.007367
0.001509  0.510509  0.001507  0.001509  0.001509  0.001508  0.001508  0.480442
0.003056  0.003055  0.003056  0.003054  0.003054  0.978616  0.003055  0.003054
0.235557  0.754688  0.001625  0.001626  0.001626  0.001625  0.001625  0.001626
0.001509  0.001509  0.001509  0.001509  0.989440  0.001508  0.001508  0.001509
0.001815  0.987300  0.001813  0.001815  0.001815  0.001814  0.001814  0.001815
0.001585  0.354884  0.001584  0.001585  0.001585  0.001584  0.001584  0.635607
0.002455  0.002455  0.002454  0.002455  0.982817  0.002454  0.002454  0.002455
0.001509  0.513320  0.001507  0.001509  0.477631  0.001508  0.001508  0.001509
0.002197  0.002197  0.002195  0.984625  0.002197  0.002196  0.002196  0.002197
0.001509  0.001509  0.001507  0.001509  0.989442  0.001508  0.001508  0.001509
0.001509  0.001509  0.001507  0.001509  0.001509  0.001508  0.001508  0.989442
0.001509  0.989442  0.001507  0.001509  0.001509  0.001508  0.001508  0.001509
0.001546  0.410328  0.001545  0.001546  0.580399  0.001545  0.001546  0.001546
0.002363  0.983466  0.002361  0.002363  0.002363  0.002361  0.002361  0.002363
0.013906  0.013908  0.013908  0.013916  0.013921  0.902620  0.013904  0.013916
0.002277  0.002277  0.002276  0.002277  0.642595  0.343746  0.002277  0.002277
0.001715  0.546303  0.001714  0.001715  0.001715  0.001714  0.001714  0.443408
0.823628  0.001815  0.001813  0.001815  0.165486  0.001814  0.001814  0.001815
0.001585  0.001585  0.001584  0.001585  0.001585  0.001584  0.001584  0.988907
0.002277  0.507055  0.002275  0.002277  0.479288  0.002276  0.002276  0.002277
0.001546  0.487993  0.001545  0.502733  0.001546  0.001545  0.001545  0.001546
0.215427  0.001715  0.001714  0.001715  0.001715  0.001714  0.001714  0.774284
0.001509  0.001509  0.001508  0.330982  0.659967  0.001508  0.001508  0.001509
0.001546  0.001546  0.001545  0.345545  0.645182  0.001545  0.001546  0.001546
0.988904  0.001586  0.001584  0.001586  0.001586  0.001585  0.001584  0.001586
0.206653  0.001509  0.001507  0.308333  0.477473  0.001508  0.001508  0.001509
0.001509  0.001509  0.001507  0.402819  0.588131  0.001508  0.001508  0.001509
0.001585  0.001585  0.001584  0.154409  0.836084  0.001584  0.001584  0.001585
0.394218  0.001509  0.001508  0.596731  0.001509  0.001508  0.001508  0.001509
0.001509  0.001509  0.001507  0.001509  0.989442  0.001508  0.001508  0.001509
0.001509  0.001509  0.001508  0.001509  0.989441  0.001508  0.001508  0.001509
0.001715  0.001715  0.001714  0.001715  0.987996  0.001714  0.001714  0.001715
0.002555  0.002555  0.002553  0.002555  0.982117  0.002554  0.002554  0.002556
0.001509  0.744620  0.001508  0.001509  0.001509  0.001508  0.001508  0.246330
0.002197  0.002197  0.002195  0.002197  0.984627  0.002196  0.002195  0.002197
0.001509  0.001509  0.001507  0.001509  0.989442  0.001508  0.001508  0.001509
0.001509  0.001509  0.001507  0.001509  0.485123  0.001508  0.001508  0.505828
0.001585  0.001585  0.001584  0.001585  0.988908  0.001584  0.001584  0.001585
0.001509  0.001509  0.001507  0.001509  0.989442  0.001508  0.001508  0.001509
0.001546  0.001546  0.001545  0.001546  0.989178  0.001545  0.001545  0.001547
0.001509  0.001509  0.001507  0.001509  0.989442  0.001508  0.001508  0.001509
0.001546  0.001546  0.001545  0.001546  0.989182  0.001545  0.001545  0.001546
0.001509  0.001509  0.001508  0.001509  0.989439  0.001508  0.001508  0.001509
0.001509  0.001509  0.001507  0.001509  0.989442  0.001508  0.001508  0.001509
0.001509  0.001509  0.001510  0.001509  0.001509  0.001508  0.001508  0.989439
0.001546  0.511741  0.001545  0.001546  0.001546  0.001545  0.001545  0.478986
0.001546  0.531854  0.001545  0.001546  0.001546  0.001545  0.001545  0.458873
0.001509  0.001509  0.001507  0.001509  0.001509  0.001508  0.001508  0.989442
0.001509  0.001509  0.001507  0.001509  0.001509  0.001508  0.001508  0.989442
0.001509  0.001509  0.001507  0.001509  0.485125  0.001508  0.001508  0.505826
0.201986  0.001509  0.001507  0.001509  0.001509  0.001508  0.001508  0.788965
0.001509  0.510512  0.001507  0.001509  0.001509  0.001508  0.001508  0.480438
0.001509  0.510509  0.001507  0.001509  0.001509  0.001508  0.001508  0.480441
0.483549  0.001509  0.001507  0.001509  0.507401  0.001508  0.001508  0.001509
0.322884  0.001509  0.001507  0.001509  0.668066  0.001508  0.001508  0.001509
0.001546  0.001546  0.001545  0.001546  0.484812  0.001545  0.001545  0.505916
0.002555  0.002555  0.002554  0.002556  0.002556  0.982114  0.002555  0.002556
0.003794  0.003795  0.003792  0.003795  0.003796  0.973440  0.003794  0.003795
0.003384  0.003384  0.003383  0.003384  0.003385  0.976313  0.003383  0.003384
0.001509  0.510514  0.001507  0.001509  0.001509  0.001508  0.001508  0.480437
0.003211  0.003211  0.003210  0.003212  0.003212  0.977521  0.003211  0.003212
0.322884  0.001509  0.001507  0.001509  0.668066  0.001508  0.001508  0.001509
0.001509  0.353930  0.001508  0.001509  0.001509  0.001508  0.001508  0.637020
0.001509  0.001509  0.001507  0.001509  0.485120  0.001508  0.001508  0.505830
0.001670  0.001670  0.001669  0.001670  0.001670  0.988313  0.001670  0.001670
0.002197  0.002197  0.002196  0.002197  0.002197  0.984623  0.002196  0.002197
0.001585  0.001585  0.001584  0.001585  0.001585  0.988905  0.001585  0.001585
0.001509  0.001509  0.001507  0.001509  0.001509  0.001508  0.001508  0.989442
0.002197  0.002197  0.002197  0.002197  0.002197  0.984622  0.002197  0.002197
0.002053  0.002053  0.002052  0.002053  0.002053  0.985630  0.002052  0.002053
0.001764  0.001764  0.001763  0.001764  0.001764  0.987655  0.001763  0.001764
0.001546  0.001546  0.001545  0.001546  0.225072  0.765653  0.001546  0.001546
0.001509  0.001509  0.001508  0.001509  0.001509  0.989441  0.001508  0.001509
0.004039  0.004041  0.004038  0.004040  0.004039  0.971725  0.004039  0.004040
0.001509  0.001509  0.001508  0.001509  0.001509  0.001508  0.001508  0.989442
0.373585  0.617365  0.001507  0.001509  0.001509  0.001508  0.001508  0.001509
0.001626  0.508825  0.001625  0.001626  0.001626  0.001625  0.001625  0.481421
0.002912  0.529193  0.002910  0.002912  0.002912  0.002911  0.002911  0.453339
0.001509  0.510512  0.001507  0.001509  0.001509  0.001508  0.001508  0.480438
0.311599  0.001670  0.001668  0.001670  0.001670  0.001669  0.001669  0.678387
0.665454  0.001509  0.001508  0.325496  0.001509  0.001508  0.001508  0.001509
0.001546  0.001546  0.001545  0.001546  0.001546  0.001545  0.001545  0.989181
0.374924  0.615803  0.001545  0.001546  0.001546  0.001545  0.001545  0.001546
0.001509  0.001509  0.001507  0.001509  0.001509  0.001508  0.001508  0.989442
0.001509  0.513320  0.001507  0.001509  0.477631  0.001508  0.001508  0.001509
0.001509  0.989440  0.001508  0.001509  0.001509  0.001508  0.001510  0.001509
0.001509  0.001509  0.001508  0.001509  0.001509  0.001508  0.001508  0.989442
0.001509  0.001509  0.001507  0.001509  0.001509  0.001508  0.001508  0.989442
0.001509  0.510510  0.001507  0.001509  0.001509  0.001508  0.001508  0.480440
0.001546  0.001546  0.001545  0.001546  0.001546  0.001545  0.001545  0.989181
0.001509  0.510515  0.001507  0.001509  0.001509  0.001508  0.001508  0.480435
0.201986  0.001509  0.001507  0.001509  0.001509  0.001508  0.001508  0.788965
0.001585  0.988907  0.001584  0.001585  0.001585  0.001584  0.001584  0.001585
0.001509  0.510509  0.001507  0.001509  0.001509  0.001508  0.001508  0.480441
0.005009  0.005011  0.005006  0.005009  0.005008  0.964939  0.005008  0.005009
0.001546  0.531859  0.001545  0.001546  0.001546  0.001545  0.001545  0.458868
0.001509  0.510517  0.001507  0.001509  0.001509  0.001508  0.001508  0.480434
0.001626  0.001626  0.001625  0.001626  0.486658  0.001625  0.001625  0.503588
0.002277  0.002277  0.002276  0.002277  0.002277  0.984062  0.002276  0.002277
0.001509  0.510513  0.001507  0.001509  0.001509  0.001508  0.001508  0.480438
0.005017  0.005011  0.005008  0.005009  0.005010  0.964925  0.005011  0.005009
0.002455  0.002456  0.002454  0.002455  0.513281  0.471988  0.002455  0.002456
0.576909  0.414041  0.001508  0.001509  0.001509  0.001508  0.001508  0.001509
0.001509  0.510509  0.001507  0.001509  0.001509  0.001508  0.001508  0.480442
0.526834  0.459989  0.002195  0.002197  0.002197  0.002196  0.002196  0.002197
0.001509  0.001509  0.001507  0.001509  0.001509  0.001508  0.001508  0.989442
0.001546  0.001546  0.001545  0.001546  0.500338  0.093169  0.001546  0.398764
0.001546  0.514212  0.001545  0.001546  0.001546  0.001545  0.001545  0.476515
0.001764  0.001764  0.001763  0.001764  0.001764  0.987655  0.001763  0.001764
0.001509  0.510512  0.001507  0.001509  0.001509  0.001508  0.001508  0.480439
0.438769  0.003055  0.003052  0.542910  0.003055  0.003053  0.003053  0.003055
0.003384  0.976317  0.003382  0.003384  0.003384  0.003382  0.003382  0.003384
0.988619  0.001626  0.001625  0.001626  0.001626  0.001625  0.001625  0.001626
0.989181  0.001546  0.001545  0.001546  0.001546  0.001545  0.001545  0.001546
0.008362  0.008389  0.008350  0.008349  0.008346  0.008355  0.008378  0.941471
0.595828  0.395122  0.001507  0.001509  0.001509  0.001508  0.001508  0.001509
0.549467  0.441483  0.001508  0.001509  0.001509  0.001508  0.001508  0.001509
0.989181  0.001546  0.001545  0.001546  0.001546  0.001545  0.001545  0.001546
0.001509  0.601179  0.001507  0.389772  0.001509  0.001508  0.001508  0.001509
0.132626  0.001546  0.001546  0.253530  0.606117  0.001545  0.001545  0.001546
0.001869  0.001869  0.001867  0.001869  0.001869  0.001868  0.001868  0.986921
0.367177  0.001626  0.001625  0.001626  0.623068  0.001625  0.001625  0.001626
0.001509  0.001509  0.001508  0.001509  0.001509  0.001508  0.001508  0.989442
0.201986  0.001509  0.001507  0.001509  0.001509  0.001508  0.001508  0.788965
0.001764  0.493755  0.001762  0.001764  0.001764  0.001763  0.001763  0.495667
0.001546  0.352501  0.001545  0.001546  0.001546  0.001545  0.001545  0.638226
0.001546  0.510626  0.001545  0.001546  0.001546  0.001545  0.001545  0.480102
0.106652  0.001509  0.001508  0.133714  0.752093  0.001508  0.001508  0.001509
0.001509  0.001509  0.001508  0.473572  0.517378  0.001508  0.001508  0.001509
0.003384  0.492103  0.003382  0.003385  0.487596  0.003383  0.003383  0.003385
0.004318  0.522021  0.004315  0.004318  0.004318  0.004317  0.004316  0.452078
0.011364  0.920299  0.011395  0.011381  0.011376  0.011382  0.011423  0.011379
0.002364  0.002362  0.002363  0.002363  0.983463  0.002361  0.002362  0.002363
0.001509  0.001509  0.001508  0.181675  0.809275  0.001508  0.001508  0.001509
0.001869  0.001869  0.001867  0.001869  0.986921  0.001868  0.001868  0.001869
0.001509  0.001509  0.001507  0.140918  0.850033  0.001508  0.001508  0.001509
0.001715  0.001715  0.001714  0.001715  0.987996  0.001714  0.001714  0.001715
0.001585  0.001585  0.001584  0.001585  0.988908  0.001584  0.001584  0.001585
0.001715  0.510421  0.001714  0.001715  0.479290  0.001715  0.001714  0.001716
0.001509  0.001509  0.001507  0.001509  0.989442  0.001508  0.001508  0.001509
0.183743  0.001509  0.001508  0.001509  0.807207  0.001508  0.001508  0.001509
0.001626  0.507562  0.001625  0.001626  0.482683  0.001625  0.001625  0.001626
0.001546  0.510543  0.001545  0.001546  0.001546  0.001545  0.001545  0.480185
0.116121  0.001546  0.001545  0.001546  0.874607  0.001545  0.001545  0.001546
0.001546  0.001546  0.001545  0.001546  0.495568  0.001545  0.001545  0.495159
0.001715  0.001715  0.001714  0.001715  0.503743  0.001714  0.001714  0.485968
0.001509  0.001509  0.001507  0.402819  0.588131  0.001508  0.001508  0.001509
0.001509  0.001509  0.001508  0.158800  0.832150  0.001508  0.001508  0.001509
0.526286  0.001509  0.001508  0.194354  0.271819  0.001508  0.001508  0.001509
0.001585  0.583005  0.001584  0.407487  0.001585  0.001584  0.001584  0.001585
0.172652  0.007363  0.007361  0.007365  0.783172  0.007362  0.007360  0.007365
0.017950  0.017857  0.017924  0.017890  0.017876  0.017938  0.017860  0.874705
0.003212  0.003213  0.003209  0.003212  0.003212  0.977520  0.003211  0.003212
0.001509  0.390162  0.001507  0.238739  0.363558  0.001508  0.001508  0.001509
0.001509  0.001509  0.001507  0.289826  0.001509  0.001508  0.001508  0.701125
0.001546  0.001546  0.001545  0.405808  0.584919  0.001545  0.001545  0.001546
0.001509  0.001509  0.001508  0.440188  0.550762  0.001508  0.001508  0.001509
0.001546  0.495346  0.001545  0.001546  0.001546  0.001545  0.001545  0.495381
0.001509  0.001509  0.001507  0.001509  0.001509  0.001508  0.001508  0.989442
0.001546  0.511741  0.001545  0.001546  0.001546  0.001545  0.001545  0.478986
0.001509  0.001509  0.001507  0.001509  0.001509  0.001508  0.001508  0.989442
0.001509  0.989442  0.001507  0.001509  0.001509  0.001508  0.001508  0.001509
0.001546  0.512864  0.001545  0.001546  0.477863  0.001545  0.001545  0.001546
0.373585  0.617365  0.001507  0.001509  0.001509  0.001508  0.001508  0.001509
0.001546  0.001546  0.001545  0.404520  0.586207  0.001545  0.001545  0.001546
0.001585  0.510759  0.001584  0.001585  0.479734  0.001584  0.001584  0.001585
0.001626  0.591850  0.001625  0.398395  0.001626  0.001625  0.001625  0.001626
0.003054  0.529832  0.003051  0.003054  0.003054  0.003053  0.003053  0.451848
0.001509  0.001509  0.001507  0.001509  0.001509  0.001508  0.001508  0.989442
0.001546  0.001546  0.001545  0.001546  0.001546  0.001545  0.001545  0.989181
0.001509  0.405486  0.001508  0.001509  0.001509  0.001508  0.001508  0.585463
0.001509  0.353932  0.001508  0.001509  0.001509  0.001508  0.001508  0.637018
0.001546  0.001546  0.001546  0.001546  0.001546  0.001545  0.001545  0.989180
0.001585  0.505694  0.001584  0.001585  0.001585  0.001584  0.001584  0.484799
0.001546  0.390538  0.001545  0.239719  0.362016  0.001545  0.001545  0.001546
0.001546  0.517775  0.001545  0.001546  0.001546  0.001545  0.001545  0.472952
0.001546  0.001546  0.001545  0.001546  0.001546  0.001545  0.001545  0.989181
0.001546  0.508945  0.001545  0.001546  0.001546  0.001545  0.001545  0.481783
0.001509  0.001509  0.001507  0.001509  0.001509  0.001508  0.001508  0.989442
0.001585  0.001585  0.001584  0.406205  0.584288  0.001584  0.001584  0.001585
0.001546  0.001546  0.001545  0.001546  0.001546  0.001545  0.001545  0.989181
0.001509  0.001509  0.001508  0.001509  0.291045  0.699903  0.001508  0.001509
0.001509  0.001509  0.001509  0.001509  0.989436  0.001509  0.001509  0.001509
0.001927  0.001927  0.001926  0.001927  0.446639  0.541802  0.001926  0.001927
0.001546  0.001546  0.001545  0.001546  0.001546  0.989177  0.001546  0.001546
0.001546  0.001546  0.001545  0.416013  0.574714  0.001545  0.001545  0.001546
0.002123  0.443284  0.002122  0.543981  0.002122  0.002123  0.002122  0.002123
0.003578  0.003578  0.003576  0.003579  0.003578  0.974954  0.003577  0.003579
0.002783  0.002783  0.002781  0.002782  0.002782  0.980524  0.002782  0.002783
0.001509  0.989442  0.001507  0.001509  0.001509  0.001508  0.001508  0.001509
0.003384  0.976317  0.003381  0.003384  0.003384  0.003382  0.003383  0.003384
0.001509  0.510511  0.001507  0.001509  0.001509  0.001508  0.001508  0.480440
0.002455  0.982818  0.002453  0.002455  0.002455  0.002454  0.002454  0.002455
0.005450  0.005450  0.005444  0.005451  0.961863  0.005445  0.005446  0.005451
0.001816  0.001816  0.001814  0.001816  0.001816  0.001815  0.987292  0.001816
0.002917  0.002912  0.002911  0.002912  0.002912  0.979610  0.002914  0.002912
0.001509  0.001509  0.001507  0.001509  0.001509  0.001508  0.001508  0.989442
0.007367  0.007369  0.007363  0.007367  0.007364  0.948435  0.007367  0.007367
0.369017  0.621710  0.001545  0.001546  0.001546  0.001545  0.001545  0.001546
0.001509  0.510515  0.001507  0.001509  0.001509  0.001508  0.001508  0.480436
0.634332  0.001509  0.001507  0.001509  0.356619  0.001508  0.001508  0.001509
0.974962  0.003578  0.003574  0.003578  0.003578  0.003575  0.003576  0.003578
0.005445  0.542455  0.005440  0.005445  0.005444  0.005441  0.005442  0.424887
0.001585  0.001585  0.001584  0.001585  0.499063  0.001584  0.001584  0.491430
0.379406  0.611321  0.001545  0.001546  0.001546  0.001545  0.001545  0.001546
0.001626  0.001626  0.001625  0.001626  0.001626  0.001625  0.001625  0.988619
0.001764  0.001764  0.001762  0.001764  0.987658  0.001763  0.001763  0.001764
0.001764  0.001764  0.001762  0.001764  0.987657  0.001763  0.001764  0.001764
0.385445  0.001585  0.001584  0.001585  0.605048  0.001584  0.001584  0.001585
0.350664  0.001546  0.001545  0.001546  0.640063  0.001545  0.001545  0.001546
0.005970  0.005970  0.005963  0.005970  0.958227  0.005964  0.005966  0.005971
0.322884  0.001509  0.001507  0.001509  0.668066  0.001508  0.001508  0.001509
0.001585  0.840867  0.001584  0.149626  0.001585  0.001584  0.001584  0.001585
0.001585  0.001585  0.001584  0.988905  0.001585  0.001584  0.001584  0.001586
0.001585  0.001585  0.001584  0.329186  0.001585  0.001584  0.001584  0.661307
0.001546  0.594899  0.001545  0.395828  0.001546  0.001545  0.001545  0.001546
0.001546  0.001546  0.001545  0.299777  0.001546  0.001545  0.001545  0.690951
0.001509  0.479719  0.001508  0.511231  0.001509  0.001508  0.001508  0.001509
0.001626  0.001626  0.001625  0.407421  0.582824  0.001625  0.001625  0.001626
0.001585  0.001585  0.001584  0.323603  0.001585  0.001584  0.001584  0.666890
0.001715  0.987996  0.001714  0.001715  0.001715  0.001714  0.001715  0.001715
0.001509  0.001509  0.001507  0.001509  0.001509  0.001508  0.001508  0.989442
0.001509  0.510517  0.001507  0.001509  0.001509  0.001508  0.001508  0.480434
0.001509  0.001509  0.001507  0.001509  0.485127  0.001508  0.001508  0.505824
0.003211  0.003211  0.003208  0.003211  0.505717  0.003209  0.003209  0.475024
0.001546  0.508295  0.001545  0.001546  0.001546  0.001545  0.001545  0.482432
0.001509  0.603068  0.001508  0.001509  0.387882  0.001508  0.001508  0.001509
0.002664  0.002664  0.002663  0.002665  0.576011  0.002663  0.002663  0.408006
0.001546  0.001546  0.001545  0.001546  0.001546  0.001545  0.001545  0.989181
0.001509  0.001509  0.001507  0.001509  0.001509  0.001508  0.001508  0.989442
0.001546  0.001546  0.001545  0.001546  0.989182  0.001545  0.001545  0.001546
0.001509  0.601179  0.001507  0.389772  0.001509  0.001508  0.001508  0.001509
0.201986  0.001509  0.001507  0.001509  0.001509  0.001508  0.001508  0.788965
0.001546  0.508299  0.001545  0.001546  0.001546  0.001545  0.001545  0.482428
0.001546  0.001546  0.001545  0.001546  0.495567  0.001545  0.001545  0.495160
0.001546  0.001546  0.001545  0.001546  0.484717  0.001545  0.001545  0.506011
0.001546  0.001546  0.001545  0.001546  0.989182  0.001545  0.001545  0.001546
0.001509  0.001509  0.001508  0.001509  0.989442  0.001508  0.001508  0.001509
0.001509  0.601179  0.001507  0.389772  0.001509  0.001508  0.001508  0.001509
0.001509  0.601179  0.001507  0.389772  0.001509  0.001508  0.001508  0.001509
0.001546  0.001546  0.001545  0.001546  0.001546  0.989179  0.001546  0.001546
0.001585  0.001585  0.001584  0.001585  0.001585  0.988906  0.001585  0.001585
0.001509  0.001509  0.001508  0.001509  0.001509  0.989440  0.001509  0.001509
0.001509  0.001509  0.001509  0.001509  0.001509  0.989438  0.001509  0.001509
0.001509  0.001509  0.001508  0.001509  0.001509  0.989440  0.001508  0.001509
0.006591  0.006590  0.006587  0.006592  0.006593  0.953866  0.006589  0.006592
0.001627  0.001627  0.001626  0.001627  0.001627  0.988615  0.001626  0.001627
0.007367  0.007368  0.007364  0.007366  0.007364  0.948436  0.007368  0.007366
0.001815  0.001815  0.001814  0.001815  0.001815  0.987297  0.001814  0.001815
0.002556  0.002556  0.002555  0.002556  0.002556  0.982111  0.002555  0.002556
0.002363  0.002363  0.002362  0.002363  0.002363  0.983462  0.002362  0.002363
0.001585  0.001585  0.001584  0.001585  0.001585  0.988906  0.001585  0.001585
0.001815  0.001815  0.001814  0.001815  0.001815  0.987296  0.001815  0.001815
0.001988  0.001988  0.001987  0.001988  0.001988  0.986088  0.001987  0.001988
0.001509  0.001509  0.001508  0.001509  0.001509  0.989439  0.001509  0.001509
0.988316  0.001670  0.001668  0.001670  0.001670  0.001669  0.001669  0.001670
0.001715  0.001715  0.001714  0.001715  0.001715  0.001714  0.001714  0.987996
0.359651  0.631299  0.001508  0.001509  0.001509  0.001508  0.001508  0.001509
0.130417  0.860534  0.001507  0.001509  0.001509  0.001508  0.001508  0.001509
0.294071  0.696879  0.001508  0.001509  0.001509  0.001508  0.001508  0.001509
0.988907  0.001585  0.001584  0.001585  0.001585  0.001584  0.001584  0.001585
0.404750  0.581593  0.002275  0.002277  0.002277  0.002276  0.002276  0.002277
0.867015  0.001988  0.001987  0.121060  0.001988  0.001987  0.001988  0.001988
0.375056  0.615671  0.001545  0.001546  0.001546  0.001545  0.001545  0.001546
0.365167  0.001546  0.001545  0.001546  0.625560  0.001545  0.001545  0.001546
0.608216  0.381495  0.001714  0.001715  0.001715  0.001714  0.001715  0.001716
0.467875  0.522853  0.001545  0.001546  0.001546  0.001545  0.001545  0.001546
0.600518  0.004318  0.004316  0.004318  0.004317  0.373578  0.004318  0.004318
0.984622  0.002197  0.002196  0.002197  0.002197  0.002197  0.002197  0.002197
0.831999  0.001509  0.001508  0.158951  0.001509  0.001508  0.001508  0.001509
0.001509  0.340166  0.001508  0.650784  0.001509  0.001508  0.001508  0.001509
0.005011  0.005012  0.964923  0.005013  0.005012  0.005009  0.005007  0.005013
0.001509  0.510517  0.001507  0.001509  0.001509  0.001508  0.001508  0.480434
0.001509  0.001509  0.001507  0.001509  0.001509  0.001508  0.001508  0.989442
0.001546  0.001546  0.001545  0.001546  0.001546  0.001545  0.001545  0.989181
0.001509  0.001509  0.001509  0.001509  0.001509  0.001508  0.001508  0.989440
0.001546  0.001546  0.001545  0.001546  0.001546  0.001545  0.001545  0.989181
0.002122  0.002123  0.002120  0.002122  0.002123  0.002121  0.002121  0.985147
0.201986  0.001509  0.001507  0.001509  0.001509  0.001508  0.001508  0.788965
0.001585  0.840867  0.001584  0.149626  0.001585  0.001584  0.001584  0.001585
0.001509  0.510508  0.001507  0.001509  0.001509  0.001508  0.001508  0.480443
0.001509  0.510518  0.001507  0.001509  0.001509  0.001508  0.001508  0.480433
0.001509  0.889288  0.101661  0.001509  0.001509  0.001508  0.001508  0.001509
0.989176  0.001547  0.001547  0.001547  0.001546  0.001546  0.001545  0.001547
0.002556  0.982116  0.002553  0.002556  0.002556  0.002554  0.002554  0.002556
0.203907  0.001546  0.001545  0.001546  0.001546  0.001545  0.001545  0.786820
0.001546  0.989178  0.001546  0.001547  0.001546  0.001545  0.001545  0.001547
0.001546  0.531856  0.001545  0.001546  0.001546  0.001545  0.001545  0.458871
0.538312  0.452639  0.001507  0.001509  0.001509  0.001508  0.001508  0.001509
0.001509  0.001509  0.001507  0.001509  0.001509  0.001508  0.001508  0.989442
0.001585  0.505690  0.001584  0.001585  0.001585  0.001584  0.001584  0.484803
0.373585  0.617365  0.001507  0.001509  0.001509  0.001508  0.001508  0.001509
0.155850  0.834878  0.001545  0.001546  0.001546  0.001545  0.001545  0.001546
0.002913  0.002912  0.002917  0.002913  0.571583  0.410937  0.002912  0.002913
0.001509  0.001509  0.001508  0.001509  0.583077  0.407871  0.001509  0.001509
0.001509  0.848368  0.001507  0.142582  0.001509  0.001508  0.001508  0.001509
0.002455  0.002455  0.002454  0.002455  0.509267  0.120606  0.002456  0.357852
0.001509  0.385789  0.001508  0.605161  0.001509  0.001508  0.001508  0.001509
0.001546  0.001546  0.001545  0.989179  0.001546  0.001545  0.001545  0.001546
0.001509  0.601179  0.001507  0.389772  0.001509  0.001508  0.001508  0.001509
0.324811  0.001509  0.001508  0.666139  0.001509  0.001508  0.001508  0.001509
0.001546  0.589454  0.001545  0.401273  0.001546  0.001545  0.001545  0.001546
0.001509  0.465017  0.001508  0.525934  0.001509  0.001508  0.001508  0.001509
0.001626  0.001626  0.001625  0.001626  0.001626  0.988617  0.001626  0.001626
0.005447  0.005447  0.005442  0.005447  0.005447  0.961880  0.005444  0.005447
0.357866  0.001869  0.001867  0.001869  0.630924  0.001868  0.001868  0.001869
0.002277  0.518844  0.002275  0.002277  0.002277  0.002276  0.002276  0.467500
0.967544  0.004639  0.004634  0.004638  0.004637  0.004635  0.004636  0.004638
0.162998  0.826424  0.001762  0.001764  0.001764  0.001763  0.001763  0.001764
0.231150  0.758835  0.001668  0.001670  0.001670  0.001669  0.001669  0.001670
0.001509  0.001509  0.001507  0.001509  0.485125  0.001508  0.001508  0.505825
0.953875  0.006593  0.006586  0.006591  0.006590  0.006587  0.006588  0.006591
