0.990166  0.004638  0.005196
0.983594  0.007690  0.008716
0.982195  0.008300  0.009504
0.990347  0.004547  0.005106
0.005118  0.004543  0.990339
0.483728  0.004683  0.511589
0.989851  0.004757  0.005391
0.005456  0.004784  0.989760
0.007773  0.983832  0.008395
0.021867  0.021114  0.957020
0.006370  0.683555  0.310075
0.017923  0.345912  0.636165
0.990190  0.004637  0.005173
0.726905  0.115316  0.157780
0.005377  0.004769  0.989854
0.975567  0.011416  0.013017
0.961961  0.032773  0.005267
0.951960  0.022569  0.025471
0.006204  0.005463  0.988333
0.005122  0.004554  0.990324
0.990413  0.004520  0.005067
0.990413  0.004520  0.005067
0.007903  0.202004  0.790093
0.990085  0.004636  0.005279
0.005244  0.004634  0.990122
0.709239  0.004535  0.286227
0.292283  0.004631  0.703086
0.005055  0.004507  0.990438
0.035711  0.933513  0.030776
0.345350  0.004669  0.649980
0.007210  0.006373  0.986417
0.983147  0.007952  0.008901
0.843760  0.004519  0.151720
0.792766  0.004734  0.202500
0.990482  0.004522  0.004996
0.990279  0.004609  0.005112
0.990027  0.004731  0.005242
0.982580  0.008303  0.009117
0.990347  0.004547  0.005106
0.990458  0.004521  0.005020
0.990547  0.004496  0.004957
0.990196  0.004635  0.005169
0.990014  0.004744  0.005242
0.990379  0.004571  0.005050
0.990236  0.004625  0.005139
0.990002  0.004729  0.005270
0.990458  0.004515  0.005026
0.575933  0.406284  0.017783
0.990497  0.004494  0.005009
0.990342  0.004532  0.005126
0.990177  0.004651  0.005172
0.709239  0.004535  0.286227
0.970339  0.014149  0.015511
0.989894  0.004755  0.005351
0.989336  0.005014  0.005650
0.005159  0.004547  0.990294
0.990107  0.004661  0.005232
0.696944  0.005461  0.297595
0.990391  0.004533  0.005075
0.990347  0.004547  0.005106
0.990416  0.004535  0.005049
0.989372  0.004997  0.005631
0.989936  0.004756  0.005309
0.005671  0.005014  0.989315
0.005432  0.004791  0.989777
0.990416  0.004535  0.005049
0.990416  0.004535  0.005049
0.692055  0.004634  0.303311
0.990416  0.004535  0.005049
0.990347  0.004547  0.005106
0.990407  0.004534  0.005059
0.990416  0.004535  0.005049
0.006265  0.411797  0.581938
0.007655  0.547512  0.444833
0.009875  0.980106  0.010019
0.009503  0.315792  0.674705
0.259429  0.004511  0.736060
0.005150  0.004543  0.990307
0.005732  0.587232  0.407036
0.506856  0.307656  0.185488
0.006179  0.987700  0.006122
0.005159  0.004547  0.990294
0.990413  0.004520  0.005067
0.480950  0.495831  0.023219
0.990416  0.004535  0.005049
0.010662  0.979283  0.010055
0.005523  0.004868  0.989608
0.259335  0.004539  0.736126
0.988567  0.005447  0.005986
0.989931  0.004757  0.005312
0.008203  0.007351  0.984445
0.664007  0.004558  0.331436
0.007551  0.006662  0.985788
0.005081  0.004545  0.990374
0.990347  0.004547  0.005106
0.990482  0.004522  0.004996
0.458838  0.004700  0.536462
0.984967  0.007089  0.007945
0.052083  0.051865  0.896052
0.007521  0.393067  0.599412
0.989135  0.005140  0.005725
0.269989  0.005432  0.724579
0.989859  0.004768  0.005373
0.563645  0.006968  0.429388
0.990178  0.004621  0.005201
0.393933  0.005158  0.600909
0.005122  0.004554  0.990324
0.005252  0.004656  0.990091
0.005380  0.004741  0.989879
0.005105  0.004527  0.990368
0.005159  0.004547  0.990294
0.005326  0.004738  0.989936
0.812558  0.004495  0.182947
0.005081  0.004545  0.990374
0.005135  0.004545  0.990319
0.005769  0.005193  0.989038
0.008542  0.007789  0.983669
0.990445  0.004525  0.005030
0.007369  0.006614  0.986017
0.005081  0.004545  0.990374
0.005173  0.004564  0.990263
0.005340  0.004754  0.989906
0.005081  0.004545  0.990374
0.005306  0.004667  0.990027
0.005081  0.004545  0.990374
0.005208  0.004648  0.990144
0.005164  0.004560  0.990277
0.005081  0.004545  0.990374
0.990363  0.004546  0.005090
0.990193  0.004636  0.005172
0.990196  0.004635  0.005169
0.990347  0.004547  0.005106
0.990347  0.004547  0.005106
0.005173  0.004564  0.990263
0.385236  0.004542  0.610221
0.990416  0.004535  0.005049
0.990416  0.004535  0.005049
0.005123  0.004535  0.990342
0.005118  0.004543  0.990339
0.005303  0.004667  0.990030
0.008388  0.983125  0.008486
0.012913  0.973907  0.013181
0.010943  0.977523  0.011534
0.990416  0.004535  0.005049
0.011519  0.976435  0.012046
0.005118  0.004543  0.990339
0.990407  0.004534  0.005059
0.005173  0.004564  0.990263
0.005490  0.988846  0.005664
0.007401  0.985119  0.007480
0.005286  0.989288  0.005426
0.990347  0.004547  0.005106
0.007590  0.985093  0.007317
0.007208  0.985485  0.007306
0.005886  0.988051  0.006063
0.005664  0.988603  0.005732
0.004926  0.990040  0.005034
0.014132  0.972711  0.013157
0.990336  0.004547  0.005118
0.709239  0.004535  0.286227
0.989682  0.004882  0.005436
0.981551  0.008821  0.009628
0.990416  0.004535  0.005049
0.005671  0.004998  0.989331
0.990374  0.004528  0.005098
0.990124  0.004648  0.005229
0.708736  0.004652  0.286612
0.990347  0.004547  0.005106
0.664007  0.004558  0.331436
0.846025  0.004642  0.149333
0.990336  0.004547  0.005118
0.990347  0.004547  0.005106
0.990416  0.004535  0.005049
0.990124  0.004648  0.005229
0.990416  0.004535  0.005049
0.385242  0.004542  0.610215
0.989942  0.004741  0.005317
0.990416  0.004535  0.005049
0.017663  0.966181  0.016157
0.990196  0.004635  0.005169
0.990416  0.004535  0.005049
0.005581  0.004919  0.989500
0.007949  0.984195  0.007856
0.990416  0.004535  0.005049
0.017040  0.694310  0.288650
0.008370  0.493292  0.498338
0.990433  0.004516  0.005051
0.990416  0.004535  0.005049
0.986118  0.006528  0.007354
0.990347  0.004547  0.005106
0.005289  0.110293  0.884418
0.990177  0.004651  0.005172
0.005897  0.988260  0.005843
0.990416  0.004535  0.005049
0.980620  0.009139  0.010241
0.978920  0.010081  0.010999
0.989644  0.004869  0.005487
0.990120  0.004631  0.005249
0.947593  0.025278  0.027130
0.720082  0.004525  0.275393
0.683316  0.004533  0.312151
0.444909  0.004631  0.550460
0.990413  0.004520  0.005067
0.005174  0.004623  0.990204
0.988069  0.005615  0.006316
0.005517  0.004895  0.989588
0.990336  0.004547  0.005118
0.385236  0.004542  0.610221
0.988807  0.005296  0.005897
0.990182  0.004636  0.005182
0.990179  0.004649  0.005172
0.005020  0.004510  0.990470
0.005150  0.004543  0.990307
0.628895  0.010406  0.360699
0.972465  0.013406  0.014129
0.762753  0.035236  0.202011
0.007899  0.007143  0.984958
0.005060  0.004525  0.990415
0.006272  0.005622  0.988106
0.005068  0.004529  0.990403
0.005763  0.005176  0.989061
0.005335  0.004786  0.989879
0.661340  0.005213  0.333447
0.005081  0.004545  0.990374
0.005024  0.004521  0.990455
0.663911  0.004897  0.331192
0.990177  0.004651  0.005172
0.005154  0.004628  0.990218
0.005303  0.004666  0.990031
0.005890  0.005201  0.988909
0.005159  0.004547  0.990294
0.005073  0.004521  0.990406
0.005115  0.004511  0.990374
0.989958  0.004726  0.005317
0.023111  0.022105  0.954784
0.889485  0.055089  0.055426
0.446277  0.543192  0.010531
0.615447  0.004541  0.380013
0.990342  0.004532  0.005126
0.005287  0.004649  0.990063
0.005162  0.004539  0.990299
0.990190  0.004637  0.005173
0.990347  0.004547  0.005106
0.990193  0.004636  0.005172
0.990347  0.004547  0.005106
0.990482  0.004522  0.004996
0.663546  0.004673  0.331781
0.709239  0.004535  0.286227
0.005287  0.004662  0.990051
0.572789  0.004761  0.422450
0.989663  0.004853  0.005484
0.980467  0.009360  0.010174
0.990347  0.004547  0.005106
0.990091  0.004651  0.005258
0.990379  0.004571  0.005050
0.990407  0.004534  0.005059
0.990150  0.004640  0.005210
0.989955  0.004745  0.005300
0.512815  0.004638  0.482546
0.990166  0.004638  0.005196
0.990117  0.004651  0.005232
0.990184  0.004640  0.005177
0.990347  0.004547  0.005106
0.005377  0.004753  0.989870
0.990120  0.004649  0.005232
0.005743  0.988426  0.005830
0.005157  0.028840  0.966003
0.455296  0.538037  0.006667
0.005425  0.989020  0.005555
0.005288  0.004650  0.990062
0.946490  0.046351  0.007159
0.012922  0.974584  0.012494
0.009159  0.981953  0.008888
0.990482  0.004522  0.004996
0.979053  0.009945  0.011002
0.990416  0.004535  0.005049
0.984657  0.007276  0.008066
0.018486  0.016373  0.965141
0.570441  0.423409  0.006149
0.009629  0.978065  0.012307
0.990347  0.004547  0.005106
0.026421  0.949849  0.023730
0.717170  0.004635  0.278194
0.990416  0.004535  0.005049
0.005067  0.004523  0.990410
0.977570  0.010525  0.011905
0.965861  0.016210  0.017929
0.005392  0.004757  0.989851
0.708859  0.004638  0.286504
0.005529  0.004868  0.989603
0.005884  0.005249  0.988867
0.005802  0.005286  0.988912
0.005236  0.004711  0.990053
0.005107  0.004607  0.990286
0.020244  0.017788  0.961968
0.005118  0.004543  0.990339
0.990030  0.004713  0.005257
0.989845  0.004742  0.005414
0.989878  0.004741  0.005382
0.990189  0.004621  0.005190
0.990114  0.004634  0.005252
0.990376  0.004556  0.005068
0.005516  0.004880  0.989605
0.989849  0.004741  0.005410
0.989268  0.005095  0.005637
0.990347  0.004547  0.005106
0.990416  0.004535  0.005049
0.005173  0.004564  0.990263
0.010950  0.009841  0.979209
0.990192  0.004637  0.005171
0.753382  0.004551  0.242068
0.009189  0.008241  0.982570
0.990124  0.004648  0.005229
0.990347  0.004547  0.005106
0.005205  0.004662  0.990133
0.990413  0.004520  0.005067
0.385238  0.004542  0.610219
0.990192  0.004637  0.005171
0.005303  0.004666  0.990031
0.005306  0.004667  0.990027
0.005206  0.004648  0.990146
0.005079  0.004580  0.990340
0.990413  0.004520  0.005067
0.990413  0.004520  0.005067
0.005160  0.989721  0.005119
0.005239  0.989640  0.005121
0.005106  0.989832  0.005062
0.005262  0.989453  0.005285
0.005016  0.989936  0.005048
0.022234  0.953651  0.024115
0.005818  0.988303  0.005879
0.025480  0.951199  0.023321
0.006120  0.987837  0.006043
0.008666  0.982712  0.008622
0.007919  0.984004  0.008077
0.005253  0.989614  0.005133
0.006279  0.987576  0.006144
0.006554  0.986899  0.006546
0.005160  0.989804  0.005035
0.005608  0.004962  0.989430
0.989046  0.005146  0.005809
0.761459  0.004526  0.234015
0.819812  0.004527  0.175660
0.990430  0.004525  0.005045
0.468376  0.004765  0.526859
0.692024  0.006870  0.301107
0.247077  0.006033  0.746890
0.708792  0.004649  0.286560
0.005245  0.004645  0.990111
0.722007  0.005134  0.272858
0.630280  0.004636  0.365084
0.015305  0.535902  0.448794
0.438088  0.049507  0.512405
0.404692  0.004549  0.590759
0.990444  0.004519  0.005037
0.967450  0.015583  0.016966
0.990416  0.004535  0.005049
0.990347  0.004547  0.005106
0.990124  0.004648  0.005229
0.990391  0.004533  0.005075
0.990117  0.004651  0.005232
0.986536  0.006322  0.007142
0.385236  0.004542  0.610221
0.990030  0.004713  0.005257
0.990416  0.004535  0.005049
0.990416  0.004535  0.005049
0.990577  0.004481  0.004942
0.662559  0.004665  0.332776
0.983766  0.007562  0.008672
0.409661  0.004643  0.585696
0.990186  0.004635  0.005179
0.990196  0.004635  0.005169
0.829811  0.004509  0.165680
0.990347  0.004547  0.005106
0.989955  0.004745  0.005300
0.709239  0.004535  0.286227
0.820001  0.004628  0.175371
0.010051  0.403436  0.586513
0.005109  0.420756  0.574135
0.990479  0.004508  0.005012
0.008431  0.152405  0.839164
0.990366  0.004556  0.005079
0.990103  0.004633  0.005264
0.990413  0.004520  0.005067
0.544467  0.004531  0.451003
0.990193  0.004620  0.005187
0.990497  0.004494  0.005009
0.005386  0.989260  0.005354
0.021728  0.956852  0.021420
0.006136  0.005548  0.988316
0.985492  0.006881  0.007628
0.457688  0.013950  0.528363
0.814012  0.005263  0.180725
0.005672  0.005000  0.989328
0.005173  0.004564  0.990263
0.958729  0.019755  0.021516
