0.002514  0.002542  0.002540  0.002536  0.989868
0.004154  0.983264  0.004196  0.004188  0.004198
0.004518  0.981776  0.004569  0.004565  0.004571
0.002454  0.990115  0.002479  0.002472  0.002480
0.002454  0.669362  0.323229  0.002477  0.002479
0.002517  0.767915  0.224487  0.002540  0.002541
0.002576  0.989617  0.002603  0.002599  0.002605
0.002581  0.794292  0.197913  0.002609  0.002605
0.718139  0.003606  0.271052  0.003600  0.003603
0.010784  0.010826  0.956777  0.010790  0.010823
0.566559  0.002899  0.002897  0.424741  0.002904
0.370643  0.008969  0.602482  0.008956  0.008950
0.002514  0.002542  0.002540  0.002536  0.989868
0.096856  0.002744  0.002740  0.123324  0.774335
0.002578  0.665524  0.326692  0.002603  0.002604
0.006167  0.975143  0.006229  0.006228  0.006233
0.002662  0.002603  0.002601  0.002602  0.989531
0.011986  0.951761  0.012076  0.012085  0.012093
0.002949  0.988109  0.002978  0.002984  0.002979
0.002460  0.002488  0.990081  0.002483  0.002488
0.002453  0.002480  0.002480  0.002474  0.990112
0.002453  0.002480  0.002480  0.002474  0.990112
0.205212  0.003890  0.783126  0.003885  0.003887
0.002513  0.989867  0.002542  0.002537  0.002541
0.002514  0.320365  0.672043  0.002537  0.002542
0.002454  0.577742  0.002477  0.002481  0.414846
0.002512  0.989866  0.002541  0.002540  0.002541
0.002454  0.002483  0.726715  0.265868  0.002480
0.936548  0.015858  0.015739  0.015910  0.015945
0.002516  0.570197  0.002540  0.422203  0.002543
0.003452  0.426058  0.563522  0.003480  0.003489
0.004332  0.004383  0.004376  0.004374  0.982535
0.002453  0.002479  0.002476  0.234839  0.757752
0.002517  0.002542  0.002542  0.193676  0.798723
0.002453  0.002478  0.002476  0.002473  0.990120
0.002512  0.002540  0.002538  0.002536  0.989873
0.002576  0.002604  0.002601  0.002598  0.989621
0.004521  0.004568  0.004562  0.004564  0.981784
0.002454  0.990115  0.002479  0.002472  0.002480
0.002453  0.002480  0.002478  0.002474  0.990115
0.002453  0.002471  0.002477  0.294985  0.697613
0.002514  0.002542  0.002540  0.002534  0.989870
0.002577  0.002603  0.002601  0.002599  0.989620
0.002456  0.002480  0.002479  0.002479  0.990107
0.002513  0.002540  0.002537  0.002536  0.989875
0.002575  0.002604  0.002602  0.002600  0.989619
0.002455  0.815985  0.002477  0.176608  0.002475
0.566933  0.008977  0.008945  0.406153  0.008991
0.002452  0.002478  0.002478  0.002476  0.990116
0.002453  0.990111  0.002481  0.002474  0.002481
0.002515  0.002542  0.002540  0.002534  0.989869
0.002454  0.577742  0.002477  0.002481  0.414846
0.007556  0.007623  0.007624  0.007575  0.969623
0.002577  0.002606  0.002605  0.002598  0.989614
0.002715  0.989061  0.002743  0.002736  0.002745
0.002454  0.250956  0.741635  0.002474  0.002481
0.002515  0.989871  0.002540  0.002533  0.002541
0.002952  0.567296  0.002980  0.002985  0.423787
0.002455  0.002485  0.002481  0.002474  0.990105
0.002454  0.990115  0.002479  0.002472  0.002480
0.002454  0.002481  0.002479  0.002473  0.990113
0.002714  0.002744  0.002744  0.002736  0.989061
0.002578  0.002606  0.002604  0.103750  0.888462
0.002715  0.989055  0.002744  0.002741  0.002744
0.002579  0.682605  0.002606  0.309605  0.002605
0.002454  0.002481  0.002479  0.002473  0.990113
0.002454  0.002481  0.002479  0.002473  0.990113
0.002514  0.002543  0.002540  0.280640  0.711763
0.002454  0.002481  0.002479  0.002473  0.990113
0.002454  0.990115  0.002479  0.002472  0.002480
0.002455  0.002481  0.002479  0.100996  0.891590
0.002454  0.002481  0.002479  0.002473  0.990113
0.420494  0.003080  0.570262  0.003092  0.003072
0.527596  0.003742  0.383444  0.081477  0.003740
0.980853  0.004792  0.004799  0.004767  0.004788
0.433485  0.004795  0.004812  0.552124  0.004784
0.002454  0.002481  0.641481  0.351103  0.002481
0.002456  0.002483  0.849588  0.142991  0.002483
0.572280  0.002748  0.002743  0.419482  0.002747
0.304082  0.002823  0.002820  0.687450  0.002824
0.987718  0.003068  0.003064  0.003083  0.003066
0.002454  0.250956  0.741635  0.002474  0.002481
0.002453  0.002480  0.002480  0.002474  0.990112
0.951585  0.012107  0.012050  0.012082  0.012176
0.002454  0.002481  0.002479  0.002473  0.990113
0.979921  0.005039  0.005007  0.005009  0.005023
0.002643  0.989340  0.002673  0.002670  0.002673
0.002453  0.002478  0.990110  0.002477  0.002482
0.002951  0.002980  0.002978  0.002973  0.988118
0.002579  0.002607  0.002604  0.104083  0.888128
0.003990  0.004031  0.909474  0.078475  0.004029
0.002455  0.002480  0.341144  0.002473  0.651449
0.003576  0.003611  0.003612  0.115668  0.873533
0.002453  0.002479  0.990119  0.002471  0.002478
0.002454  0.990115  0.002479  0.002472  0.002480
0.002453  0.002478  0.002476  0.002473  0.990120
0.002517  0.002540  0.520087  0.002538  0.472319
0.003842  0.003883  0.003883  0.003871  0.984520
0.023616  0.024116  0.904562  0.023672  0.024034
0.347104  0.003736  0.641698  0.003728  0.003734
0.002790  0.002820  0.002818  0.002812  0.988760
0.002951  0.002984  0.309825  0.681257  0.002984
0.002578  0.901936  0.002604  0.090275  0.002606
0.003710  0.003743  0.361450  0.003733  0.627364
0.002514  0.002541  0.002541  0.126635  0.865769
0.002789  0.988760  0.002817  0.002817  0.002818
0.002460  0.002488  0.990081  0.002483  0.002488
0.002520  0.002550  0.989835  0.002545  0.002550
0.002577  0.831753  0.002604  0.160461  0.002605
0.002453  0.501653  0.490936  0.002479  0.002479
0.002454  0.250956  0.741635  0.002474  0.002481
0.002575  0.002603  0.989623  0.002596  0.002603
0.002452  0.002480  0.002478  0.156261  0.836329
0.002453  0.002479  0.990119  0.002471  0.002478
0.002453  0.002478  0.990099  0.002492  0.002477
0.002791  0.002818  0.988766  0.002808  0.002817
0.004160  0.004196  0.983275  0.004176  0.004194
0.002454  0.002481  0.002479  0.076719  0.915867
0.003571  0.003607  0.985621  0.003594  0.003606
0.002453  0.002479  0.990119  0.002471  0.002478
0.002455  0.453995  0.538597  0.002473  0.002480
0.002576  0.002604  0.989620  0.002596  0.002603
0.002453  0.002479  0.990119  0.002471  0.002478
0.002515  0.448150  0.544259  0.002534  0.002542
0.002453  0.002479  0.990119  0.002471  0.002478
0.002513  0.002540  0.989876  0.002532  0.002539
0.002457  0.002484  0.849031  0.143545  0.002483
0.002453  0.002479  0.990119  0.002471  0.002478
0.002454  0.916448  0.002479  0.076139  0.002480
0.002514  0.002542  0.002540  0.002534  0.989870
0.002514  0.002542  0.002540  0.002534  0.989870
0.002454  0.990115  0.002479  0.002472  0.002480
0.002454  0.990115  0.002479  0.002472  0.002480
0.002455  0.453995  0.538597  0.002473  0.002480
0.002453  0.990114  0.002478  0.002476  0.002479
0.002454  0.002481  0.002479  0.002473  0.990113
0.002454  0.002481  0.002479  0.002473  0.990113
0.002453  0.766843  0.225750  0.002476  0.002477
0.002454  0.669362  0.323229  0.002477  0.002479
0.002515  0.453003  0.539406  0.002534  0.002542
0.983235  0.004195  0.004201  0.004176  0.004192
0.975057  0.006246  0.006258  0.006201  0.006238
0.977799  0.005550  0.005583  0.005522  0.005545
0.002454  0.002481  0.002479  0.002473  0.990113
0.684112  0.005277  0.300075  0.005263  0.005273
0.002454  0.669362  0.323229  0.002477  0.002479
0.002455  0.002481  0.002479  0.100996  0.891590
0.002455  0.453995  0.538597  0.002473  0.002480
0.989034  0.002741  0.002750  0.002735  0.002740
0.985562  0.003613  0.003617  0.003598  0.003611
0.989582  0.002605  0.002612  0.002597  0.002604
0.002454  0.990115  0.002479  0.002472  0.002480
0.985528  0.003611  0.003606  0.003639  0.003616
0.986472  0.003384  0.003389  0.003373  0.003383
0.988406  0.002899  0.002907  0.002890  0.002897
0.763137  0.002543  0.229244  0.002535  0.002542
0.990100  0.002476  0.002482  0.002469  0.002475
0.973445  0.006640  0.006623  0.006632  0.006660
0.002455  0.906648  0.002479  0.085939  0.002480
0.002454  0.577742  0.002477  0.002481  0.414846
0.002645  0.002674  0.002672  0.002666  0.989343
0.004742  0.004788  0.004783  0.004768  0.980918
0.002454  0.002481  0.002479  0.002473  0.990113
0.002714  0.989058  0.002744  0.002741  0.002744
0.002452  0.990122  0.002477  0.002471  0.002478
0.002514  0.989871  0.002540  0.002533  0.002541
0.002515  0.577945  0.002538  0.002542  0.414460
0.002454  0.990115  0.002479  0.002472  0.002480
0.002455  0.002480  0.341144  0.002473  0.651449
0.002464  0.002478  0.002487  0.002504  0.990068
0.002455  0.906648  0.002479  0.085939  0.002480
0.002454  0.990115  0.002479  0.002472  0.002480
0.002454  0.002481  0.002479  0.002473  0.990113
0.002514  0.989871  0.002540  0.002533  0.002541
0.002454  0.002481  0.002479  0.002473  0.990113
0.002453  0.990114  0.002478  0.002476  0.002479
0.002576  0.002604  0.002605  0.002599  0.989616
0.002454  0.002481  0.002479  0.002473  0.990113
0.967104  0.008234  0.008205  0.008194  0.008262
0.002514  0.002542  0.002540  0.002534  0.989870
0.002454  0.002481  0.002479  0.002473  0.990113
0.002646  0.450860  0.541154  0.002666  0.002674
0.985009  0.003754  0.003747  0.003741  0.003750
0.002454  0.002481  0.002479  0.002473  0.990113
0.712540  0.008227  0.008254  0.262744  0.008235
0.477452  0.004041  0.510446  0.004022  0.004038
0.002455  0.805601  0.002477  0.186984  0.002484
0.002454  0.002481  0.002479  0.002473  0.990113
0.003570  0.003614  0.003609  0.003608  0.985600
0.002454  0.990115  0.002479  0.002472  0.002480
0.097405  0.336706  0.560811  0.002536  0.002542
0.002515  0.002542  0.002540  0.002534  0.989869
0.988417  0.002896  0.002898  0.002890  0.002899
0.002454  0.002481  0.002479  0.002473  0.990113
0.004965  0.980006  0.005016  0.004996  0.005016
0.005497  0.005554  0.005544  0.005550  0.977855
0.002645  0.002676  0.002673  0.989330  0.002676
0.002512  0.989879  0.002537  0.002534  0.002538
0.013608  0.013758  0.013693  0.013709  0.945231
0.002453  0.740016  0.002476  0.002480  0.252574
0.002454  0.002482  0.002479  0.275717  0.716868
0.002518  0.002547  0.002544  0.989844  0.002547
0.002453  0.002480  0.002480  0.002474  0.990112
0.002512  0.002540  0.842378  0.150032  0.002538
0.003039  0.987756  0.003070  0.003062  0.003072
0.002645  0.689634  0.302380  0.002670  0.002671
0.002455  0.906648  0.002479  0.085939  0.002480
0.002453  0.990114  0.002478  0.002476  0.002479
0.002869  0.002900  0.002898  0.002892  0.988441
0.002515  0.002542  0.002540  0.114597  0.877807
0.002515  0.002542  0.002540  0.002534  0.989869
0.002452  0.002481  0.990109  0.002482  0.002476
0.002456  0.002483  0.849588  0.142991  0.002483
0.005516  0.005561  0.396697  0.005539  0.586687
0.007053  0.007102  0.007089  0.007063  0.971694
0.018559  0.018626  0.018491  0.372828  0.571496
0.003845  0.003889  0.902744  0.085647  0.003875
0.002453  0.002478  0.936267  0.056326  0.002477
0.003038  0.003070  0.987761  0.003062  0.003069
0.002452  0.002478  0.990122  0.002471  0.002477
0.002790  0.002818  0.988767  0.002808  0.002817
0.002578  0.002604  0.989619  0.002595  0.002603
0.002793  0.002819  0.344810  0.002811  0.646767
0.002453  0.002479  0.990119  0.002471  0.002478
0.002453  0.002479  0.839739  0.152851  0.002477
0.002645  0.002673  0.345201  0.002666  0.646815
0.002515  0.002542  0.002540  0.002534  0.989869
0.002513  0.002543  0.989866  0.002540  0.002538
0.002515  0.497062  0.495349  0.002533  0.002541
0.002791  0.490106  0.501472  0.002810  0.002820
0.002454  0.250956  0.741635  0.002474  0.002481
0.002452  0.002482  0.990116  0.002472  0.002477
0.002452  0.742037  0.250558  0.002477  0.002476
0.002576  0.002606  0.002605  0.002599  0.989613
0.011976  0.012115  0.951458  0.012430  0.012020
0.029282  0.029575  0.029255  0.029472  0.882417
0.978785  0.005308  0.005298  0.005288  0.005321
0.002454  0.002479  0.421444  0.002474  0.571150
0.002453  0.990111  0.002481  0.002474  0.002481
0.002514  0.283379  0.709030  0.002535  0.002542
0.002453  0.514498  0.478097  0.002473  0.002479
0.002514  0.002542  0.002540  0.002536  0.989868
0.002454  0.990115  0.002479  0.002472  0.002480
0.002514  0.002542  0.002540  0.002534  0.989869
0.002454  0.990115  0.002479  0.002472  0.002480
0.002453  0.002478  0.002476  0.002473  0.990120
0.002515  0.002541  0.341777  0.002534  0.650633
0.002454  0.577742  0.002477  0.002481  0.414846
0.002515  0.250261  0.742147  0.002535  0.002542
0.002578  0.002606  0.356060  0.002600  0.636156
0.002643  0.002674  0.002673  0.002669  0.989340
0.004981  0.005025  0.005016  0.005006  0.979973
0.002454  0.990115  0.002479  0.002472  0.002480
0.002514  0.989871  0.002539  0.002535  0.002541
0.002456  0.002480  0.002479  0.002479  0.990107
0.002455  0.002481  0.002479  0.100996  0.891590
0.002514  0.919507  0.002540  0.072897  0.002541
0.002577  0.002606  0.002604  0.002599  0.989613
0.002514  0.002541  0.433715  0.002537  0.558694
0.002514  0.002542  0.002540  0.002536  0.989867
0.002514  0.989871  0.002540  0.002533  0.002541
0.002514  0.002542  0.002540  0.002534  0.989869
0.002454  0.990115  0.002479  0.002472  0.002480
0.002578  0.319536  0.672680  0.002601  0.002606
0.002514  0.989873  0.002540  0.002533  0.002541
0.697857  0.002481  0.294708  0.002474  0.002480
0.002495  0.002483  0.821092  0.171447  0.002482
0.545100  0.003170  0.445385  0.003168  0.003177
0.989806  0.002549  0.002553  0.002545  0.002548
0.002514  0.250331  0.742076  0.002536  0.002542
0.034519  0.003490  0.003490  0.003487  0.955014
0.976433  0.005906  0.005893  0.005866  0.005901
0.981755  0.004563  0.004553  0.004560  0.004569
0.002453  0.002478  0.002476  0.002473  0.990120
0.005489  0.005555  0.005545  0.005557  0.977854
0.002454  0.002481  0.002479  0.002473  0.990113
0.003986  0.004032  0.004026  0.004028  0.983928
0.008875  0.008992  0.795269  0.008966  0.177899
0.407520  0.002984  0.002983  0.002983  0.583529
0.980619  0.004841  0.004774  0.004984  0.004783
0.002454  0.990115  0.002479  0.002472  0.002480
0.951536  0.012118  0.012050  0.012128  0.012168
0.002513  0.557740  0.002538  0.002543  0.434665
0.002454  0.002481  0.002479  0.002473  0.990113
0.002453  0.767158  0.225430  0.002482  0.002477
0.005807  0.005887  0.005876  0.005879  0.976551
0.008852  0.008964  0.008937  0.008928  0.964318
0.002577  0.581497  0.410722  0.002599  0.002605
0.002514  0.573786  0.002539  0.002542  0.418619
0.002644  0.002674  0.002673  0.148548  0.843461
0.002865  0.002898  0.988449  0.002891  0.002896
0.002867  0.002895  0.988451  0.002894  0.002894
0.002576  0.002607  0.860491  0.131724  0.002602
0.002513  0.002542  0.847435  0.144972  0.002538
0.009712  0.009852  0.790806  0.009824  0.179806
0.002454  0.669362  0.323229  0.002477  0.002479
0.002575  0.002603  0.002602  0.002599  0.989621
0.002575  0.989612  0.002606  0.002601  0.002605
0.002576  0.989612  0.002607  0.002600  0.002606
0.002513  0.002542  0.002541  0.002535  0.989869
0.002513  0.989868  0.002542  0.002535  0.002542
0.002455  0.002479  0.002480  0.002480  0.990106
0.002645  0.318378  0.673635  0.002668  0.002674
0.002576  0.989611  0.002606  0.002602  0.002606
0.002786  0.002816  0.002814  0.002812  0.988772
0.002454  0.990115  0.002479  0.002472  0.002480
0.002454  0.002481  0.002479  0.002473  0.990113
0.002455  0.453995  0.538597  0.002473  0.002480
0.005233  0.510979  0.473253  0.005259  0.005276
0.002514  0.002542  0.002540  0.002535  0.989869
0.002454  0.002479  0.257709  0.002474  0.734884
0.004348  0.004390  0.853429  0.133443  0.004390
0.002514  0.989871  0.002540  0.002533  0.002541
0.002454  0.990115  0.002479  0.002472  0.002480
0.002514  0.002540  0.989875  0.002531  0.002539
0.002453  0.002480  0.002480  0.002474  0.990112
0.002453  0.990114  0.002478  0.002476  0.002479
0.002514  0.002542  0.002540  0.002535  0.989869
0.002515  0.497062  0.495349  0.002533  0.002541
0.002515  0.448151  0.544259  0.002534  0.002542
0.002513  0.002540  0.989875  0.002532  0.002539
0.002456  0.002478  0.990112  0.002477  0.002478
0.002453  0.002480  0.002480  0.002474  0.990112
0.002453  0.002480  0.002480  0.002474  0.990112
0.989846  0.002538  0.002540  0.002536  0.002541
0.989602  0.002601  0.002598  0.002596  0.002603
0.990083  0.002479  0.002481  0.002475  0.002482
0.990044  0.002485  0.002487  0.002499  0.002484
0.990091  0.002479  0.002481  0.002472  0.002478
0.956576  0.010859  0.010922  0.010814  0.010829
0.989272  0.002683  0.002686  0.002676  0.002682
0.951589  0.012091  0.012029  0.012148  0.012143
0.988077  0.002985  0.002981  0.002974  0.002983
0.983194  0.004199  0.004204  0.004198  0.004205
0.984466  0.003886  0.003890  0.003877  0.003882
0.989601  0.002601  0.002598  0.002596  0.002604
0.988054  0.002987  0.002984  0.002985  0.002990
0.986952  0.003263  0.003263  0.003259  0.003263
0.990068  0.002480  0.002477  0.002492  0.002482
0.002712  0.989057  0.002743  0.002746  0.002743
0.002788  0.988764  0.002818  0.002811  0.002819
0.002454  0.002481  0.002479  0.245683  0.746902
0.002453  0.002481  0.002477  0.102162  0.890427
0.002454  0.547958  0.002477  0.002474  0.444637
0.002579  0.739364  0.002603  0.252844  0.002610
0.003704  0.573448  0.003737  0.003748  0.415363
0.003240  0.003275  0.003274  0.986937  0.003274
0.002514  0.577932  0.002538  0.002542  0.414473
0.002514  0.691095  0.301314  0.002538  0.002539
0.002789  0.738996  0.002815  0.002822  0.252578
0.002514  0.002541  0.002538  0.281383  0.711024
0.460234  0.007106  0.007081  0.518475  0.007104
0.003605  0.003626  0.003620  0.985524  0.003625
0.002456  0.002484  0.002482  0.990093  0.002484
0.002454  0.002480  0.002480  0.254144  0.738443
0.008195  0.008270  0.008251  0.204101  0.771184
0.002454  0.002481  0.002479  0.002473  0.990113
0.002454  0.990115  0.002479  0.002472  0.002480
0.002514  0.989871  0.002540  0.002533  0.002541
0.002455  0.002475  0.002481  0.002474  0.990115
0.002514  0.989871  0.002540  0.002533  0.002541
0.003448  0.003489  0.003488  0.003479  0.986096
0.002453  0.990114  0.002478  0.002476  0.002479
0.002575  0.002603  0.002602  0.002599  0.989621
0.002454  0.002481  0.002479  0.002473  0.990113
0.002454  0.002481  0.002479  0.002473  0.990113
0.002451  0.002476  0.002476  0.446269  0.546329
0.002516  0.002544  0.002542  0.586792  0.405607
0.004149  0.983253  0.004201  0.004195  0.004202
0.002513  0.989871  0.002539  0.002537  0.002540
0.002515  0.002542  0.002540  0.102880  0.889524
0.002514  0.002542  0.002540  0.002534  0.989870
0.002452  0.595473  0.002474  0.002482  0.397119
0.002454  0.990115  0.002479  0.002472  0.002480
0.002577  0.002606  0.002604  0.002599  0.989613
0.002454  0.577742  0.002477  0.002481  0.414846
0.002513  0.002542  0.002538  0.104147  0.888260
0.360159  0.004791  0.531270  0.098991  0.004789
0.405239  0.002481  0.587324  0.002476  0.002480
0.002452  0.002478  0.002477  0.002474  0.990120
0.156332  0.004048  0.831544  0.004030  0.004046
0.002455  0.002480  0.002480  0.196773  0.795813
0.002514  0.883350  0.002542  0.109053  0.002542
0.002453  0.002480  0.002480  0.002474  0.990112
0.002453  0.652435  0.002480  0.340152  0.002480
0.002513  0.002541  0.002541  0.002535  0.989869
0.002452  0.002478  0.002478  0.002476  0.990116
0.989326  0.002670  0.002670  0.002663  0.002671
0.963967  0.009021  0.009017  0.008974  0.009021
0.003036  0.003072  0.831574  0.159250  0.003067
0.003706  0.003745  0.003740  0.003733  0.985075
0.007541  0.007622  0.007600  0.969620  0.007618
0.002866  0.002900  0.002895  0.114566  0.876773
0.002714  0.989056  0.002744  0.002742  0.002745
0.002455  0.453995  0.538597  0.002473  0.002480
0.010729  0.010855  0.010813  0.010828  0.956776
