0.001772  0.001769  0.001772  0.001769  0.542837  0.001772  0.448311
0.982436  0.002924  0.002929  0.002924  0.002929  0.002929  0.002929
0.980877  0.003184  0.003189  0.003184  0.003189  0.003189  0.003189
0.001729  0.001726  0.001729  0.001726  0.989633  0.001729  0.001729
0.001729  0.001727  0.379665  0.001726  0.001729  0.611695  0.001729
0.001772  0.001770  0.001772  0.001774  0.989369  0.001772  0.001772
0.001816  0.001814  0.001816  0.001813  0.989108  0.001816  0.001816
0.001817  0.001814  0.989106  0.001814  0.001817  0.001817  0.001816
0.002518  0.984889  0.002519  0.002517  0.002519  0.002520  0.002518
0.007552  0.007550  0.954676  0.007558  0.007554  0.007555  0.007554
0.002023  0.002021  0.002023  0.987865  0.002023  0.002023  0.002023
0.006247  0.962520  0.006247  0.006246  0.006247  0.006249  0.006244
0.001772  0.001769  0.001771  0.001769  0.543177  0.001772  0.447971
0.001913  0.092786  0.156963  0.001913  0.001913  0.001913  0.742598
0.001817  0.001814  0.383218  0.001814  0.001817  0.607705  0.001817
0.973923  0.004342  0.004349  0.004340  0.004350  0.004348  0.004348
0.001816  0.001818  0.001816  0.001815  0.001816  0.001816  0.989102
0.949386  0.008429  0.008441  0.008425  0.008443  0.008437  0.008438
0.002080  0.002077  0.987528  0.002077  0.002080  0.002080  0.002080
0.350928  0.001727  0.001729  0.001728  0.001729  0.640430  0.001729
0.501811  0.001726  0.001729  0.001726  0.001729  0.001729  0.489549
0.501811  0.001726  0.001729  0.001726  0.001729  0.001729  0.489549
0.319643  0.002707  0.002708  0.224601  0.002708  0.444926  0.002707
0.989375  0.001769  0.001772  0.001769  0.001772  0.001772  0.001772
0.486776  0.001769  0.001772  0.001769  0.001772  0.504371  0.001772
0.001729  0.001727  0.415821  0.001726  0.001729  0.001729  0.575539
0.732307  0.001769  0.258840  0.001769  0.001772  0.001772  0.001772
0.001730  0.001726  0.682832  0.001726  0.001729  0.308528  0.001729
0.011039  0.933741  0.011044  0.011048  0.011041  0.011027  0.011058
0.001771  0.001769  0.989375  0.001770  0.001772  0.001771  0.001772
0.414205  0.002429  0.002432  0.002429  0.002433  0.573640  0.002432
0.003053  0.003049  0.003053  0.003049  0.498316  0.003053  0.486427
0.001729  0.001726  0.129656  0.001727  0.001729  0.001729  0.861705
0.001772  0.001770  0.001772  0.001774  0.314539  0.001772  0.676602
0.001729  0.001726  0.001729  0.001726  0.001729  0.001729  0.989633
0.630063  0.001769  0.001771  0.001769  0.001772  0.001771  0.361084
0.001816  0.001814  0.001816  0.001813  0.001816  0.001816  0.989108
0.003188  0.003184  0.003188  0.003184  0.003189  0.003188  0.980879
0.001729  0.001726  0.001729  0.001726  0.989633  0.001729  0.001729
0.448459  0.001726  0.001729  0.001726  0.001729  0.001729  0.542901
0.001728  0.001726  0.001728  0.001727  0.001729  0.001729  0.989633
0.001772  0.001769  0.001771  0.001769  0.543775  0.001772  0.447373
0.001816  0.001814  0.001816  0.001813  0.001816  0.001816  0.989108
0.001729  0.001727  0.001729  0.001727  0.359357  0.001729  0.632002
0.001771  0.001769  0.001771  0.001769  0.001772  0.001771  0.989377
0.001816  0.001814  0.001816  0.001813  0.001816  0.001816  0.989108
0.001729  0.001727  0.247144  0.001726  0.001729  0.001729  0.744215
0.006241  0.476124  0.006241  0.006235  0.006242  0.006238  0.492679
0.782116  0.001726  0.001729  0.001726  0.001729  0.001729  0.209245
0.989631  0.001727  0.001729  0.001726  0.001729  0.001729  0.001729
0.001772  0.001769  0.001771  0.001769  0.544317  0.001772  0.446831
0.001729  0.001727  0.415821  0.001726  0.001729  0.001729  0.575539
0.968126  0.005309  0.005313  0.005303  0.005316  0.005316  0.005316
0.001816  0.001814  0.001816  0.001813  0.989107  0.001817  0.001817
0.988526  0.001911  0.001913  0.001910  0.001914  0.001913  0.001913
0.486676  0.001727  0.001729  0.001726  0.001729  0.504685  0.001729
0.001772  0.001769  0.001771  0.001768  0.989377  0.001772  0.001772
0.002080  0.002077  0.434511  0.002077  0.002080  0.002080  0.555096
0.989631  0.001727  0.001729  0.001726  0.001729  0.001729  0.001729
0.001729  0.001726  0.001729  0.001726  0.989633  0.001729  0.001729
0.001729  0.001726  0.001729  0.001726  0.544453  0.001729  0.446909
0.001913  0.001910  0.001913  0.001910  0.988526  0.001913  0.001914
0.493393  0.001814  0.001816  0.001813  0.001817  0.001816  0.497530
0.001913  0.001911  0.246689  0.001910  0.743750  0.001913  0.001914
0.001817  0.001814  0.637481  0.001815  0.353441  0.001817  0.001816
0.001729  0.001726  0.001729  0.001726  0.544453  0.001729  0.446909
0.001729  0.001726  0.001729  0.001726  0.544453  0.001729  0.446909
0.001772  0.001769  0.582481  0.001769  0.001772  0.001772  0.408665
0.001729  0.001726  0.001729  0.001726  0.544453  0.001729  0.446909
0.001729  0.001726  0.001729  0.001726  0.989633  0.001729  0.001729
0.441982  0.001727  0.001729  0.001726  0.001729  0.001729  0.549378
0.001729  0.001726  0.001729  0.001726  0.544453  0.001729  0.446909
0.002142  0.436512  0.302292  0.002141  0.002142  0.252629  0.002142
0.002612  0.984333  0.002612  0.002609  0.002611  0.002612  0.002611
0.003337  0.979979  0.003336  0.003334  0.003338  0.003338  0.003337
0.003337  0.354634  0.628683  0.003335  0.003337  0.003339  0.003336
0.637638  0.001726  0.165841  0.001726  0.001729  0.189611  0.001729
0.654815  0.001726  0.001729  0.001726  0.001729  0.336546  0.001729
0.001913  0.531460  0.458975  0.001913  0.001913  0.001913  0.001914
0.001966  0.296418  0.458939  0.001966  0.001966  0.001966  0.236780
0.002142  0.987153  0.002141  0.002140  0.002141  0.002141  0.002141
0.486676  0.001727  0.001729  0.001726  0.001729  0.504685  0.001729
0.501811  0.001726  0.001729  0.001726  0.001729  0.001729  0.489549
0.008443  0.008459  0.008439  0.239801  0.717966  0.008437  0.008456
0.001729  0.001726  0.001729  0.001726  0.544453  0.001729  0.446909
0.003499  0.978998  0.003499  0.003501  0.003500  0.003501  0.003502
0.001864  0.001861  0.266383  0.001861  0.001864  0.001864  0.724305
0.137941  0.001726  0.001729  0.001726  0.001729  0.853421  0.001729
0.002080  0.002077  0.002079  0.002076  0.002080  0.002079  0.987530
0.432787  0.001814  0.001817  0.001813  0.001817  0.001817  0.558136
0.002815  0.002809  0.002814  0.002808  0.002813  0.983127  0.002813
0.001729  0.001727  0.001729  0.001726  0.001729  0.464380  0.526980
0.984902  0.002514  0.002517  0.002513  0.002518  0.002518  0.002518
0.001729  0.001726  0.001729  0.001726  0.001729  0.989633  0.001729
0.001729  0.001726  0.001729  0.001726  0.989633  0.001729  0.001729
0.001729  0.001726  0.001729  0.001726  0.001729  0.001729  0.989633
0.001772  0.001769  0.001772  0.001770  0.001772  0.547769  0.443377
0.002707  0.002704  0.002707  0.002702  0.983764  0.002708  0.002708
0.015997  0.015996  0.194647  0.015949  0.015997  0.725441  0.015974
0.002608  0.371196  0.002608  0.002609  0.002609  0.615761  0.002608
0.001966  0.001963  0.001966  0.001962  0.529952  0.001966  0.460226
0.002079  0.002077  0.859676  0.002077  0.002079  0.129932  0.002080
0.989106  0.001814  0.001817  0.001813  0.001817  0.001817  0.001817
0.002609  0.002606  0.002609  0.002605  0.002610  0.464373  0.522587
0.669340  0.001769  0.001772  0.001769  0.001772  0.001771  0.321808
0.001966  0.001963  0.236790  0.001963  0.753388  0.001966  0.001966
0.350928  0.001727  0.001729  0.001728  0.001729  0.640430  0.001729
0.394383  0.001769  0.001772  0.001770  0.001772  0.596762  0.001772
0.001817  0.001814  0.391127  0.001814  0.001817  0.599796  0.001817
0.299468  0.001726  0.243886  0.001726  0.001729  0.449735  0.001729
0.486676  0.001727  0.001729  0.001726  0.001729  0.504685  0.001729
0.001817  0.001814  0.001816  0.001813  0.001816  0.989108  0.001816
0.701890  0.001726  0.175846  0.001727  0.001729  0.001729  0.115354
0.001729  0.001726  0.001729  0.001726  0.001729  0.989633  0.001729
0.001729  0.001726  0.001729  0.001728  0.001729  0.989631  0.001729
0.001965  0.001963  0.001965  0.001962  0.001966  0.988213  0.001966
0.002928  0.002925  0.002927  0.002923  0.002928  0.982441  0.002928
0.001729  0.001726  0.001729  0.001727  0.349839  0.001729  0.641521
0.002517  0.002514  0.002517  0.002512  0.002518  0.984905  0.002517
0.001729  0.001726  0.001729  0.001726  0.001729  0.989633  0.001729
0.001729  0.001727  0.001729  0.001726  0.615178  0.376183  0.001729
0.001816  0.001814  0.001816  0.001813  0.001816  0.989108  0.001816
0.001729  0.001726  0.001729  0.001726  0.001729  0.989633  0.001729
0.001772  0.001769  0.001771  0.001768  0.614009  0.377139  0.001772
0.001729  0.001726  0.001729  0.001726  0.001729  0.989633  0.001729
0.001771  0.001769  0.001771  0.001768  0.001772  0.989377  0.001771
0.421420  0.001727  0.001729  0.001726  0.001729  0.569940  0.001729
0.001729  0.001726  0.001729  0.001726  0.001729  0.989633  0.001729
0.001729  0.001726  0.110291  0.001726  0.881069  0.001729  0.001729
0.001772  0.001769  0.001771  0.001769  0.521363  0.001772  0.469785
0.001772  0.001769  0.001771  0.001769  0.543775  0.001772  0.447373
0.001729  0.001726  0.001729  0.001726  0.989633  0.001729  0.001729
0.001729  0.001726  0.001729  0.001726  0.989633  0.001729  0.001729
0.212565  0.001727  0.001729  0.001726  0.001730  0.778794  0.001729
0.001729  0.001726  0.207886  0.001726  0.783475  0.001729  0.001729
0.001729  0.001726  0.001729  0.001726  0.544453  0.001729  0.446909
0.001729  0.001726  0.001729  0.001726  0.544453  0.001729  0.446909
0.001729  0.001727  0.312303  0.001726  0.001729  0.679057  0.001729
0.001729  0.001727  0.379665  0.001726  0.001729  0.611695  0.001729
0.001772  0.001769  0.001771  0.001768  0.614593  0.376555  0.001772
0.002928  0.982435  0.002927  0.002926  0.002928  0.002928  0.002927
0.004348  0.973912  0.004347  0.004344  0.004350  0.004350  0.004348
0.003877  0.976740  0.003876  0.003874  0.003877  0.003880  0.003876
0.001729  0.001726  0.001729  0.001726  0.544453  0.001729  0.446909
0.003682  0.977914  0.003681  0.003679  0.003682  0.003682  0.003680
0.001729  0.001727  0.379665  0.001726  0.001729  0.611695  0.001729
0.441982  0.001727  0.001729  0.001726  0.001729  0.001729  0.549378
0.212565  0.001727  0.001729  0.001726  0.001730  0.778794  0.001729
0.001913  0.988523  0.001913  0.001913  0.001913  0.001914  0.001913
0.002517  0.984897  0.002517  0.002516  0.002518  0.002518  0.002517
0.001816  0.989103  0.001816  0.001815  0.001816  0.001817  0.001816
0.001729  0.001726  0.001729  0.001726  0.989633  0.001729  0.001729
0.002518  0.984895  0.002518  0.002516  0.002518  0.002517  0.002518
0.002353  0.985884  0.002353  0.002350  0.002353  0.002354  0.002353
0.002021  0.987875  0.002021  0.002020  0.002021  0.002022  0.002021
0.001773  0.989366  0.001772  0.001771  0.001773  0.001773  0.001772
0.001728  0.989631  0.001728  0.001727  0.001728  0.001729  0.001728
0.004629  0.972227  0.004628  0.004627  0.004630  0.004627  0.004632
0.298108  0.001726  0.001729  0.001726  0.693252  0.001729  0.001729
0.001729  0.001727  0.415821  0.001726  0.001729  0.001729  0.575539
0.001864  0.001861  0.001863  0.001860  0.543477  0.001864  0.447211
0.411916  0.003333  0.003337  0.003331  0.003338  0.003337  0.571408
0.001729  0.001726  0.001729  0.001726  0.544453  0.001729  0.446909
0.001913  0.001910  0.249213  0.001910  0.741226  0.001913  0.001914
0.343605  0.001727  0.001729  0.001726  0.001729  0.647754  0.001729
0.001772  0.001769  0.001771  0.001768  0.989377  0.001772  0.001772
0.001772  0.001769  0.417089  0.001769  0.001772  0.001772  0.574057
0.001729  0.001726  0.001729  0.001726  0.989633  0.001729  0.001729
0.001729  0.001727  0.001729  0.001726  0.001729  0.464380  0.526980
0.001729  0.001727  0.001729  0.001730  0.001729  0.001729  0.989628
0.298108  0.001726  0.001729  0.001726  0.693252  0.001729  0.001729
0.001729  0.001726  0.001729  0.001726  0.989633  0.001729  0.001729
0.001729  0.001726  0.001729  0.001726  0.544453  0.001729  0.446909
0.001772  0.001769  0.001771  0.001768  0.989377  0.001772  0.001772
0.001729  0.001726  0.001729  0.001726  0.544453  0.001729  0.446909
0.001729  0.001726  0.207886  0.001726  0.783475  0.001729  0.001729
0.989105  0.001814  0.001817  0.001813  0.001817  0.001817  0.001817
0.001729  0.001726  0.001729  0.001726  0.544453  0.001729  0.446909
0.005740  0.965561  0.005738  0.005737  0.005741  0.005737  0.005745
0.001772  0.001769  0.001771  0.001769  0.543775  0.001772  0.447373
0.001729  0.001726  0.001729  0.001726  0.544453  0.001729  0.446909
0.001864  0.001861  0.001863  0.001860  0.613147  0.377542  0.001864
0.002610  0.984344  0.002610  0.002607  0.002610  0.002609  0.002609
0.001729  0.001726  0.001729  0.001726  0.544453  0.001729  0.446909
0.005741  0.777058  0.005747  0.194225  0.005742  0.005743  0.005744
0.002816  0.983106  0.002816  0.002812  0.002817  0.002817  0.002816
0.001730  0.001727  0.001730  0.001727  0.001729  0.385572  0.605786
0.001729  0.001726  0.001729  0.001726  0.544453  0.001729  0.446909
0.002518  0.002513  0.002518  0.002513  0.497146  0.002517  0.490274
0.001729  0.001726  0.001729  0.001726  0.989633  0.001729  0.001729
0.001773  0.126611  0.001773  0.001771  0.001773  0.864527  0.001773
0.001772  0.001769  0.001771  0.001769  0.541374  0.001772  0.449773
0.002021  0.987876  0.002020  0.002020  0.002021  0.002021  0.002021
0.001729  0.001726  0.001729  0.001726  0.544453  0.001729  0.446909
0.003499  0.003495  0.003499  0.003493  0.003500  0.979015  0.003500
0.003878  0.003872  0.003878  0.003871  0.003878  0.003877  0.976747
0.001864  0.001861  0.988824  0.001861  0.001864  0.001863  0.001864
0.001772  0.001769  0.001772  0.001769  0.546210  0.444937  0.001772
0.481227  0.009556  0.009569  0.009555  0.009570  0.009563  0.470960
0.001729  0.001727  0.357268  0.001726  0.001729  0.001729  0.634092
0.001729  0.001727  0.581309  0.001726  0.001729  0.001729  0.410051
0.001771  0.001769  0.989376  0.001769  0.001772  0.001771  0.001772
0.501811  0.001726  0.001729  0.001726  0.001729  0.001729  0.489549
0.001772  0.001769  0.289759  0.001769  0.001771  0.701389  0.001771
0.002142  0.002139  0.002141  0.002138  0.987157  0.002142  0.002142
0.001864  0.001861  0.368982  0.001861  0.001864  0.621705  0.001864
0.298108  0.001726  0.001729  0.001726  0.693252  0.001729  0.001729
0.001729  0.001726  0.207886  0.001726  0.783475  0.001729  0.001729
0.002021  0.002018  0.002021  0.002018  0.540714  0.002021  0.449187
0.443670  0.001769  0.001772  0.001769  0.001772  0.001772  0.547477
0.001772  0.001769  0.001771  0.001769  0.544309  0.001772  0.446839
0.001729  0.001726  0.129002  0.001726  0.001729  0.862359  0.001729
0.654815  0.001726  0.001729  0.001726  0.001729  0.336546  0.001729
0.003879  0.003874  0.003878  0.003872  0.003879  0.484248  0.496370
0.324239  0.004945  0.004948  0.004940  0.004951  0.004949  0.651028
0.013035  0.013027  0.013074  0.180935  0.013035  0.013022  0.753871
0.002708  0.002704  0.002707  0.002703  0.002707  0.983764  0.002707
0.243921  0.001726  0.001729  0.001726  0.001729  0.747440  0.001729
0.002141  0.002139  0.002141  0.002138  0.002142  0.987157  0.002141
0.001729  0.001726  0.001729  0.001726  0.001729  0.989632  0.001729
0.001965  0.001963  0.001965  0.001962  0.001966  0.988213  0.001965
0.001816  0.001814  0.001816  0.001813  0.001817  0.989108  0.001816
0.001966  0.001963  0.001966  0.001962  0.001966  0.464196  0.525981
0.001729  0.001726  0.001729  0.001726  0.001729  0.989633  0.001729
0.001729  0.001726  0.237816  0.001726  0.001729  0.753545  0.001729
0.001864  0.001861  0.001863  0.001860  0.001864  0.473478  0.517209
0.001772  0.001769  0.001771  0.001769  0.544160  0.001772  0.446987
0.001771  0.001769  0.134893  0.001769  0.001772  0.856255  0.001771
0.001772  0.001769  0.001771  0.001768  0.573638  0.417510  0.001772
0.200253  0.001963  0.001966  0.001963  0.001966  0.789923  0.001966
0.486676  0.001727  0.001729  0.001726  0.001729  0.504685  0.001729
0.001729  0.001726  0.001728  0.001726  0.001729  0.989633  0.001729
0.001730  0.001726  0.258264  0.001726  0.001729  0.733095  0.001729
0.547138  0.001814  0.001816  0.001813  0.001817  0.001816  0.443786
0.008437  0.008429  0.176946  0.008427  0.008437  0.780893  0.008432
0.020546  0.020508  0.020539  0.876833  0.020547  0.020508  0.020518
0.003682  0.977910  0.003682  0.003678  0.003683  0.003681  0.003684
0.244414  0.001727  0.001729  0.001726  0.001729  0.379917  0.368758
0.989631  0.001727  0.001729  0.001726  0.001729  0.001729  0.001729
0.458607  0.001769  0.001771  0.001768  0.001772  0.532541  0.001772
0.330389  0.001726  0.001729  0.001726  0.001729  0.660971  0.001729
0.001772  0.001769  0.001771  0.001769  0.543177  0.001772  0.447971
0.001729  0.001726  0.001729  0.001726  0.989633  0.001729  0.001729
0.001772  0.001769  0.001771  0.001769  0.521363  0.001772  0.469785
0.001729  0.001726  0.001729  0.001726  0.989633  0.001729  0.001729
0.001729  0.001726  0.001729  0.001726  0.001729  0.001729  0.989633
0.001772  0.001769  0.001771  0.001769  0.001772  0.464473  0.526674
0.001729  0.001727  0.415821  0.001726  0.001729  0.001729  0.575539
0.487295  0.001769  0.001771  0.001768  0.001772  0.503852  0.001772
0.001816  0.001814  0.001817  0.001813  0.001817  0.473773  0.517150
0.491627  0.001861  0.001864  0.001861  0.001864  0.001864  0.499060
0.003500  0.003496  0.003500  0.003495  0.522792  0.003499  0.459718
0.001729  0.001726  0.001729  0.001726  0.989633  0.001729  0.001729
0.001772  0.001769  0.001772  0.001768  0.989376  0.001772  0.001772
0.001729  0.001727  0.001729  0.001727  0.359357  0.001729  0.632002
0.441982  0.001727  0.001729  0.001726  0.001729  0.001729  0.549378
0.001771  0.001769  0.001771  0.001770  0.989374  0.001772  0.001772
0.001816  0.001814  0.001816  0.001813  0.538938  0.001816  0.451986
0.244712  0.001769  0.001772  0.001769  0.001772  0.379733  0.368473
0.001772  0.001769  0.001772  0.001769  0.542837  0.001772  0.448311
0.001772  0.001769  0.001771  0.001768  0.989377  0.001772  0.001772
0.001772  0.001769  0.001771  0.001769  0.542867  0.001772  0.448281
0.001729  0.001726  0.001729  0.001726  0.989633  0.001729  0.001729
0.487390  0.001814  0.001817  0.001813  0.001817  0.503533  0.001816
0.001772  0.001769  0.001771  0.001768  0.989377  0.001772  0.001772
0.001730  0.989621  0.001730  0.001728  0.001730  0.001730  0.001730
0.551996  0.001729  0.001729  0.001727  0.001729  0.439360  0.001729
0.002208  0.563501  0.425460  0.002207  0.002208  0.002209  0.002209
0.001772  0.989367  0.001772  0.001772  0.001772  0.001772  0.001772
0.488655  0.001769  0.001771  0.001768  0.001772  0.502492  0.001772
0.632376  0.002434  0.002432  0.002431  0.002432  0.002432  0.355463
0.004102  0.975395  0.004101  0.004097  0.004103  0.004101  0.004101
0.003188  0.980873  0.003188  0.003188  0.003188  0.003187  0.003189
0.001729  0.001726  0.001729  0.001726  0.001729  0.001729  0.989633
0.003878  0.003871  0.003878  0.003872  0.003878  0.003877  0.976747
0.001729  0.001726  0.001729  0.001726  0.544453  0.001729  0.446909
0.002813  0.002809  0.002813  0.002809  0.002814  0.002813  0.983129
0.461830  0.006231  0.006240  0.006227  0.006241  0.506993  0.006238
0.002081  0.002080  0.002081  0.425108  0.002081  0.002081  0.564489
0.003336  0.695367  0.003339  0.287948  0.003337  0.003335  0.003337
0.001729  0.001726  0.001729  0.001726  0.989633  0.001729  0.001729
0.008442  0.949340  0.008443  0.008445  0.008443  0.008435  0.008452
0.001772  0.001769  0.417167  0.001769  0.001772  0.001772  0.573980
0.001729  0.001726  0.001729  0.001726  0.544453  0.001729  0.446909
0.001729  0.001726  0.698783  0.001726  0.001729  0.292578  0.001729
0.460393  0.004093  0.004101  0.004094  0.004101  0.004100  0.519119
0.006240  0.006230  0.006240  0.006230  0.481423  0.006238  0.487400
0.001816  0.001814  0.001816  0.001813  0.571862  0.419061  0.001816
0.001772  0.001769  0.418647  0.001769  0.001772  0.001772  0.572499
0.001864  0.001861  0.988823  0.001860  0.001864  0.001864  0.001864
0.002021  0.002018  0.002021  0.002017  0.002021  0.987881  0.002021
0.002021  0.002018  0.002021  0.002021  0.002021  0.987878  0.002021
0.001816  0.001814  0.371457  0.001813  0.001816  0.619468  0.001816
0.001771  0.001769  0.405593  0.001769  0.001772  0.585555  0.001771
0.467927  0.006823  0.006834  0.006823  0.006835  0.497927  0.006832
0.001729  0.001727  0.379665  0.001726  0.001729  0.611695  0.001729
0.182346  0.001814  0.001816  0.001813  0.001816  0.001816  0.808579
0.989106  0.001814  0.001817  0.001813  0.001817  0.001817  0.001817
0.989107  0.001814  0.001816  0.001813  0.001817  0.001816  0.001817
0.490714  0.001769  0.001771  0.001769  0.001772  0.001772  0.500433
0.989375  0.001769  0.001772  0.001769  0.001772  0.001772  0.001772
0.560153  0.001727  0.001729  0.001726  0.001729  0.001729  0.431207
0.487759  0.001861  0.001864  0.001861  0.001864  0.502929  0.001864
0.989107  0.001814  0.001817  0.001813  0.001817  0.001816  0.001817
0.187015  0.001963  0.001965  0.001963  0.001966  0.001965  0.803164
0.001729  0.001726  0.001729  0.001726  0.989633  0.001729  0.001729
0.001729  0.001726  0.001729  0.001726  0.544453  0.001729  0.446909
0.001729  0.001727  0.001729  0.001726  0.615178  0.376183  0.001729
0.003679  0.003675  0.003679  0.003674  0.594300  0.387314  0.003679
0.001772  0.001769  0.001771  0.001769  0.544252  0.001772  0.446896
0.265194  0.001727  0.001729  0.001726  0.001729  0.335836  0.392060
0.395243  0.003050  0.003053  0.003049  0.003054  0.589497  0.003053
0.001772  0.001769  0.001771  0.001768  0.989377  0.001772  0.001772
0.001729  0.001726  0.001729  0.001726  0.989633  0.001729  0.001729
0.001771  0.001769  0.001771  0.001768  0.001772  0.989377  0.001771
0.501811  0.001726  0.001729  0.001726  0.001729  0.001729  0.489549
0.001729  0.001726  0.207886  0.001726  0.783475  0.001729  0.001729
0.001772  0.001769  0.001771  0.001769  0.544252  0.001772  0.446896
0.001772  0.001769  0.001771  0.001768  0.573638  0.417510  0.001772
0.001772  0.001769  0.001771  0.001768  0.614009  0.377139  0.001772
0.001771  0.001769  0.001771  0.001768  0.001772  0.989377  0.001771
0.001729  0.001727  0.001729  0.001726  0.001729  0.989632  0.001729
0.501811  0.001726  0.001729  0.001726  0.001729  0.001729  0.489549
0.501811  0.001726  0.001729  0.001726  0.001729  0.001729  0.489549
0.001771  0.989373  0.001771  0.001771  0.001771  0.001771  0.001772
0.001816  0.989105  0.001816  0.001816  0.001816  0.001816  0.001816
0.001729  0.989628  0.001729  0.001728  0.001729  0.001729  0.001729
0.001729  0.989625  0.001730  0.001728  0.001729  0.001729  0.001729
0.001729  0.989629  0.001728  0.001728  0.001729  0.001729  0.001729
0.007554  0.954683  0.007554  0.007547  0.007555  0.007557  0.007550
0.001864  0.988815  0.001864  0.001863  0.001865  0.001865  0.001864
0.008440  0.949344  0.008442  0.008450  0.008440  0.008433  0.008450
0.002080  0.987524  0.002079  0.002078  0.002080  0.002079  0.002080
0.002928  0.982429  0.002928  0.002928  0.002928  0.002929  0.002929
0.002708  0.983757  0.002707  0.002706  0.002708  0.002708  0.002707
0.001816  0.989105  0.001816  0.001816  0.001816  0.001816  0.001816
0.002080  0.987520  0.002080  0.002080  0.002080  0.002080  0.002081
0.002277  0.986337  0.002277  0.002277  0.002277  0.002277  0.002277
0.001729  0.989627  0.001729  0.001728  0.001729  0.001729  0.001729
0.001913  0.001910  0.988526  0.001910  0.001914  0.001913  0.001913
0.001966  0.001963  0.001965  0.001962  0.988213  0.001966  0.001966
0.001729  0.001727  0.357539  0.001727  0.001729  0.001729  0.633820
0.001729  0.001726  0.150607  0.001726  0.001729  0.001729  0.840754
0.001729  0.001727  0.001729  0.001726  0.001729  0.208153  0.783207
0.001816  0.001814  0.989106  0.001814  0.001817  0.001816  0.001817
0.002609  0.002606  0.442456  0.002605  0.002610  0.002609  0.544505
0.002278  0.002274  0.986338  0.002277  0.002277  0.002277  0.002278
0.001772  0.001769  0.417108  0.001769  0.001772  0.001772  0.574039
0.001772  0.001769  0.367109  0.001769  0.001772  0.624038  0.001772
0.001966  0.001963  0.378683  0.001963  0.001966  0.001966  0.611493
0.001771  0.001769  0.474681  0.001769  0.001772  0.001771  0.516467
0.004951  0.451911  0.004955  0.523328  0.004952  0.004950  0.004952
0.002517  0.002518  0.984896  0.002517  0.002517  0.002517  0.002518
0.001730  0.001726  0.989631  0.001727  0.001729  0.001729  0.001729
0.343475  0.001726  0.370528  0.001726  0.001729  0.001729  0.279086
0.965584  0.005733  0.005738  0.005728  0.005740  0.005738  0.005738
0.001729  0.001726  0.001729  0.001726  0.544453  0.001729  0.446909
0.001729  0.001726  0.001729  0.001726  0.989633  0.001729  0.001729
0.001772  0.001769  0.001771  0.001768  0.989377  0.001772  0.001772
0.989631  0.001727  0.001729  0.001726  0.001729  0.001729  0.001729
0.001772  0.001769  0.001771  0.001768  0.989377  0.001772  0.001772
0.002432  0.002428  0.002432  0.002428  0.002433  0.985415  0.002433
0.001729  0.001726  0.207886  0.001726  0.783475  0.001729  0.001729
0.182346  0.001814  0.001816  0.001813  0.001816  0.001816  0.808579
0.001729  0.001726  0.001729  0.001726  0.544453  0.001729  0.446909
0.001729  0.001726  0.001729  0.001726  0.544453  0.001729  0.446909
0.535245  0.001726  0.205370  0.001727  0.001729  0.001728  0.252476
0.472308  0.001769  0.518839  0.001769  0.001772  0.001771  0.001771
0.002929  0.002924  0.002929  0.002923  0.002929  0.002929  0.982438
0.001772  0.001769  0.209232  0.001769  0.781916  0.001772  0.001772
0.492723  0.001769  0.001772  0.001769  0.001772  0.001772  0.498425
0.001772  0.001769  0.001771  0.001769  0.543775  0.001772  0.447373
0.001728  0.001726  0.113348  0.001727  0.001729  0.001729  0.878013
0.001729  0.001726  0.001729  0.001726  0.989633  0.001729  0.001729
0.001816  0.001814  0.001816  0.001813  0.538938  0.001816  0.451986
0.001729  0.001727  0.415821  0.001726  0.001729  0.001729  0.575539
0.001771  0.001769  0.148320  0.001769  0.001772  0.001771  0.842828
0.003338  0.387082  0.176859  0.003336  0.003338  0.422709  0.003337
0.001729  0.435304  0.001729  0.001729  0.001729  0.556050  0.001729
0.164646  0.001726  0.001729  0.001726  0.001729  0.001729  0.826715
0.002815  0.185167  0.002815  0.002814  0.002816  0.800758  0.002815
0.714537  0.001727  0.001729  0.001726  0.001729  0.001729  0.276823
0.989376  0.001769  0.001772  0.001768  0.001772  0.001772  0.001772
0.501811  0.001726  0.001729  0.001726  0.001729  0.001729  0.489549
0.350336  0.001726  0.641025  0.001726  0.001729  0.001729  0.001729
0.559002  0.001769  0.001771  0.001769  0.001772  0.001772  0.432145
0.782116  0.001726  0.001729  0.001726  0.001729  0.001729  0.209245
0.001863  0.988822  0.001863  0.001862  0.001863  0.001863  0.001863
0.006244  0.962543  0.006244  0.006234  0.006245  0.006245  0.006245
0.002141  0.002138  0.412154  0.002138  0.002142  0.577145  0.002141
0.318102  0.002606  0.002609  0.002605  0.002610  0.002609  0.668858
0.005313  0.005306  0.968131  0.005308  0.005313  0.005311  0.005317
0.002021  0.002018  0.156594  0.002018  0.002021  0.002021  0.833308
0.001913  0.001910  0.246678  0.001910  0.743761  0.001913  0.001914
0.001729  0.001727  0.001729  0.001726  0.615178  0.376183  0.001729
0.465699  0.007543  0.007554  0.007540  0.007555  0.007551  0.496558
