0.002081  0.002073  0.989606  0.002079  0.002080  0.002081
0.982820  0.003426  0.003440  0.003437  0.003438  0.003439
0.981294  0.003729  0.003745  0.003743  0.003744  0.003745
0.989858  0.002023  0.002031  0.002029  0.002029  0.002030
0.002032  0.002023  0.002032  0.002029  0.002030  0.989854
0.989608  0.002073  0.002081  0.002079  0.002080  0.002080
0.989344  0.002125  0.002134  0.002132  0.002133  0.002133
0.989346  0.002125  0.002133  0.002131  0.002132  0.002133
0.002961  0.985196  0.002960  0.002960  0.002958  0.002964
0.955687  0.008857  0.008869  0.008854  0.008865  0.008869
0.002375  0.577051  0.413458  0.002371  0.002373  0.002372
0.546090  0.424584  0.007322  0.007337  0.007324  0.007344
0.002082  0.002073  0.989606  0.002079  0.002080  0.002081
0.002247  0.097076  0.893941  0.002244  0.002246  0.002247
0.002135  0.002126  0.002134  0.002132  0.002133  0.989340
0.974498  0.005086  0.005107  0.005102  0.005102  0.005106
0.002133  0.002149  0.989321  0.002131  0.002133  0.002133
0.950507  0.009876  0.009909  0.009906  0.009895  0.009907
0.342141  0.002433  0.002444  0.002440  0.002442  0.648100
0.766990  0.002024  0.002030  0.224895  0.002029  0.002032
0.002031  0.002023  0.887383  0.104502  0.002030  0.002031
0.002031  0.002023  0.887383  0.104502  0.002030  0.002031
0.468210  0.192274  0.003179  0.329976  0.003179  0.003181
0.898578  0.002072  0.002081  0.093108  0.002080  0.002081
0.002082  0.002073  0.002082  0.132350  0.002080  0.859333
0.002031  0.002023  0.989857  0.002029  0.002029  0.002031
0.604621  0.002073  0.002081  0.129192  0.002080  0.259953
0.002031  0.002023  0.002031  0.095062  0.002030  0.896823
0.012978  0.935155  0.013006  0.012931  0.012987  0.012943
0.235011  0.002074  0.756676  0.002079  0.002079  0.002082
0.002859  0.002846  0.002858  0.002856  0.002856  0.985724
0.003588  0.003572  0.982087  0.003583  0.003585  0.003586
0.002030  0.002022  0.989860  0.002028  0.002030  0.002030
0.563025  0.002073  0.428663  0.002079  0.002081  0.002080
0.002031  0.002023  0.989859  0.002028  0.002029  0.002030
0.002081  0.002073  0.734776  0.256910  0.002080  0.002080
0.002133  0.002125  0.989346  0.002131  0.002133  0.002133
0.003744  0.003729  0.981302  0.003740  0.003742  0.003743
0.989858  0.002023  0.002031  0.002029  0.002029  0.002030
0.002031  0.002023  0.989839  0.002046  0.002030  0.002030
0.002030  0.002022  0.685250  0.002028  0.306640  0.002030
0.002082  0.002073  0.989605  0.002080  0.002080  0.002081
0.002133  0.002125  0.989346  0.002131  0.002132  0.002133
0.002031  0.002024  0.989853  0.002032  0.002030  0.002031
0.002081  0.002072  0.989610  0.002078  0.002079  0.002080
0.002133  0.002124  0.989346  0.002131  0.002132  0.002133
0.002031  0.002023  0.002031  0.002030  0.989854  0.002030
0.007330  0.372449  0.598262  0.007315  0.007321  0.007323
0.002031  0.002023  0.591574  0.400312  0.002030  0.002030
0.901339  0.002023  0.002031  0.090547  0.002029  0.002030
0.002082  0.002073  0.989606  0.002079  0.002080  0.002081
0.002031  0.002023  0.989857  0.002029  0.002029  0.002031
0.006248  0.006226  0.006247  0.006243  0.968790  0.006246
0.989343  0.002125  0.002134  0.002132  0.002132  0.002134
0.988775  0.002238  0.002247  0.002246  0.002246  0.002247
0.734383  0.002023  0.002031  0.257501  0.002029  0.002032
0.989607  0.002073  0.002081  0.002079  0.002079  0.002081
0.002443  0.002434  0.987798  0.002441  0.002441  0.002443
0.900552  0.002023  0.002031  0.091335  0.002029  0.002030
0.989858  0.002023  0.002031  0.002029  0.002029  0.002030
0.002031  0.002023  0.989856  0.002029  0.002030  0.002031
0.988774  0.002238  0.002248  0.002246  0.002246  0.002248
0.002134  0.002125  0.989341  0.002133  0.002133  0.002134
0.002248  0.002238  0.002248  0.002245  0.002246  0.988775
0.753935  0.002125  0.002134  0.002132  0.002132  0.237542
0.002031  0.002023  0.989856  0.002029  0.002030  0.002031
0.002031  0.002023  0.989856  0.002029  0.002030  0.002031
0.002081  0.002073  0.989605  0.002080  0.002080  0.002081
0.002031  0.002023  0.989856  0.002029  0.002030  0.002031
0.989858  0.002023  0.002031  0.002029  0.002029  0.002030
0.002031  0.002023  0.989855  0.002030  0.002030  0.002031
0.002031  0.002023  0.989856  0.002029  0.002030  0.002031
0.002516  0.405015  0.002516  0.002515  0.002514  0.584924
0.430449  0.557292  0.003064  0.003066  0.003063  0.003067
0.003922  0.980399  0.003920  0.003918  0.003918  0.003923
0.003918  0.313775  0.003919  0.003917  0.003915  0.670556
0.002031  0.002023  0.002031  0.374189  0.002030  0.617696
0.002032  0.002023  0.002032  0.209588  0.002030  0.782294
0.002247  0.531003  0.460012  0.002245  0.002246  0.002248
0.002309  0.290815  0.699950  0.002308  0.002310  0.002309
0.002515  0.987429  0.002515  0.002513  0.002514  0.002514
0.734383  0.002023  0.002031  0.257501  0.002029  0.002032
0.002031  0.002023  0.887383  0.104502  0.002030  0.002031
0.009922  0.950425  0.009937  0.009903  0.009913  0.009899
0.002031  0.002023  0.989856  0.002029  0.002030  0.002031
0.004110  0.979386  0.004112  0.004105  0.004181  0.004106
0.002189  0.002180  0.002189  0.002187  0.002188  0.989067
0.002031  0.002023  0.002030  0.129228  0.002029  0.862659
0.002442  0.002433  0.987802  0.002440  0.002441  0.002441
0.002134  0.002125  0.989341  0.002132  0.002133  0.002134
0.003304  0.003291  0.003303  0.983492  0.003303  0.003306
0.002031  0.002023  0.625053  0.002030  0.002030  0.366833
0.002958  0.002947  0.002958  0.002957  0.002956  0.985225
0.002031  0.002023  0.002030  0.002029  0.002029  0.989857
0.989858  0.002023  0.002031  0.002029  0.002029  0.002030
0.002031  0.002023  0.989859  0.002028  0.002029  0.002030
0.486630  0.002074  0.291692  0.002080  0.002080  0.215444
0.984115  0.003168  0.003181  0.003178  0.003178  0.003180
0.018780  0.018744  0.018731  0.906329  0.018695  0.018721
0.512679  0.475059  0.003064  0.003066  0.003062  0.003070
0.002310  0.002300  0.988466  0.002307  0.002308  0.002309
0.002442  0.002433  0.384876  0.002441  0.002441  0.605367
0.989343  0.002125  0.002134  0.002133  0.002132  0.002133
0.003065  0.003055  0.558322  0.003062  0.003062  0.429435
0.002081  0.002073  0.851495  0.140190  0.002080  0.002081
0.676708  0.002300  0.002310  0.002307  0.002307  0.314068
0.766990  0.002024  0.002030  0.224895  0.002029  0.002032
0.710797  0.002073  0.002080  0.280888  0.002079  0.002082
0.002134  0.002125  0.002134  0.002132  0.141377  0.850098
0.002032  0.002023  0.002031  0.119654  0.002030  0.872230
0.734383  0.002023  0.002031  0.257501  0.002029  0.002032
0.002134  0.002125  0.002133  0.249424  0.002132  0.742052
0.002031  0.002022  0.627320  0.364567  0.002029  0.002031
0.002031  0.002023  0.002030  0.002029  0.002029  0.989857
0.002031  0.002023  0.002031  0.002030  0.002031  0.989855
0.002309  0.002301  0.002308  0.002307  0.002307  0.988468
0.003440  0.003428  0.003438  0.003438  0.003436  0.982819
0.002031  0.002023  0.989856  0.002029  0.002030  0.002030
0.002958  0.002947  0.002957  0.985224  0.002955  0.002959
0.002031  0.002023  0.002030  0.002029  0.002029  0.989857
0.527860  0.002023  0.002031  0.002030  0.002029  0.464027
0.002134  0.002125  0.002133  0.002133  0.002132  0.989343
0.002031  0.002023  0.002030  0.002029  0.002029  0.989857
0.527938  0.002073  0.002081  0.002080  0.002080  0.463748
0.002031  0.002023  0.002030  0.002029  0.002029  0.989857
0.002081  0.002073  0.002080  0.002080  0.002079  0.989607
0.334163  0.002023  0.002031  0.002030  0.002030  0.657723
0.002031  0.002023  0.002030  0.002029  0.002029  0.989857
0.914067  0.002023  0.002031  0.077819  0.002030  0.002030
0.002082  0.002073  0.989605  0.002079  0.002080  0.002081
0.002082  0.002073  0.989605  0.002080  0.002080  0.002081
0.989858  0.002023  0.002031  0.002029  0.002029  0.002030
0.989858  0.002023  0.002031  0.002029  0.002029  0.002030
0.527860  0.002023  0.002031  0.002030  0.002029  0.464027
0.677883  0.002023  0.002031  0.002029  0.002029  0.314004
0.002031  0.002023  0.989856  0.002029  0.002030  0.002031
0.002031  0.002023  0.989856  0.002029  0.002030  0.002031
0.002031  0.002023  0.002031  0.002029  0.158449  0.833436
0.002032  0.002023  0.002032  0.002029  0.002030  0.989854
0.527545  0.002073  0.002081  0.002080  0.002080  0.464142
0.003439  0.982812  0.003437  0.003437  0.003436  0.003439
0.005112  0.974458  0.005109  0.005104  0.005105  0.005112
0.004553  0.977237  0.004550  0.004555  0.004548  0.004558
0.002031  0.002023  0.989856  0.002029  0.002030  0.002031
0.004331  0.978360  0.004327  0.004328  0.004324  0.004330
0.002032  0.002023  0.002032  0.002029  0.002030  0.989854
0.002031  0.002023  0.989855  0.002030  0.002030  0.002031
0.527860  0.002023  0.002031  0.002030  0.002029  0.464027
0.002247  0.988767  0.002246  0.002246  0.002245  0.002248
0.002958  0.985216  0.002957  0.002955  0.002956  0.002958
0.002134  0.989333  0.002133  0.002133  0.002132  0.002135
0.989858  0.002023  0.002031  0.002029  0.002029  0.002030
0.002958  0.985213  0.002960  0.002955  0.002957  0.002957
0.002767  0.986171  0.002766  0.002766  0.002764  0.002767
0.002374  0.988130  0.002373  0.002374  0.002373  0.002376
0.002085  0.989580  0.002084  0.002083  0.002083  0.002085
0.002030  0.989853  0.002029  0.002029  0.002028  0.002031
0.005439  0.972815  0.005444  0.005433  0.005436  0.005432
0.989856  0.002023  0.002031  0.002030  0.002030  0.002031
0.002031  0.002023  0.989857  0.002029  0.002029  0.002031
0.002190  0.002181  0.989066  0.002187  0.002188  0.002189
0.003922  0.003907  0.980416  0.003919  0.003917  0.003919
0.002031  0.002023  0.989856  0.002029  0.002030  0.002031
0.002248  0.002238  0.002248  0.002245  0.002246  0.988774
0.002032  0.002023  0.002031  0.002030  0.989853  0.002031
0.989607  0.002073  0.002081  0.002079  0.002079  0.002081
0.002081  0.002073  0.989606  0.002079  0.002079  0.002081
0.989858  0.002023  0.002031  0.002029  0.002029  0.002030
0.002031  0.002023  0.625053  0.002030  0.002030  0.366833
0.268909  0.002023  0.722980  0.002028  0.002029  0.002030
0.989856  0.002023  0.002031  0.002030  0.002030  0.002031
0.989858  0.002023  0.002031  0.002029  0.002029  0.002030
0.002031  0.002023  0.989856  0.002029  0.002030  0.002031
0.989607  0.002073  0.002081  0.002079  0.002079  0.002081
0.002031  0.002023  0.989856  0.002029  0.002030  0.002031
0.677883  0.002023  0.002031  0.002029  0.002029  0.314004
0.002136  0.002127  0.002136  0.534934  0.456530  0.002136
0.002031  0.002023  0.989856  0.002029  0.002030  0.002031
0.006745  0.966290  0.006752  0.006733  0.006746  0.006734
0.002082  0.002073  0.989605  0.002080  0.002080  0.002081
0.002031  0.002023  0.989856  0.002029  0.002030  0.002031
0.527108  0.002181  0.002189  0.002188  0.002188  0.464146
0.003068  0.984668  0.003067  0.003064  0.003065  0.003067
0.002031  0.002023  0.989856  0.002029  0.002030  0.002031
0.006744  0.966242  0.006761  0.006745  0.006742  0.006765
0.495578  0.491203  0.003305  0.003304  0.003303  0.003308
0.002031  0.002023  0.002032  0.002030  0.989854  0.002031
0.002031  0.002023  0.989856  0.002029  0.002030  0.002031
0.002958  0.002944  0.985230  0.002954  0.002956  0.002957
0.989858  0.002023  0.002031  0.002029  0.002029  0.002030
0.469488  0.095748  0.002081  0.002080  0.002080  0.428523
0.002082  0.002073  0.989606  0.002079  0.002080  0.002081
0.002373  0.988135  0.002374  0.002372  0.002372  0.002373
0.002031  0.002023  0.989856  0.002029  0.002030  0.002031
0.004111  0.004095  0.004111  0.004108  0.979464  0.004111
0.004553  0.004535  0.977260  0.004550  0.004550  0.004551
0.002189  0.002180  0.989064  0.002189  0.002188  0.002189
0.002082  0.002073  0.002082  0.002080  0.989602  0.002082
0.011249  0.011203  0.943844  0.011233  0.011238  0.011233
0.002031  0.002023  0.851301  0.002029  0.140586  0.002031
0.002031  0.002023  0.989856  0.002030  0.002029  0.002031
0.002081  0.002072  0.989606  0.002079  0.002079  0.002082
0.002031  0.002023  0.887383  0.104502  0.002030  0.002031
0.002080  0.002072  0.002080  0.351013  0.002079  0.640675
0.987436  0.002505  0.002516  0.002514  0.002514  0.002515
0.002190  0.002181  0.002190  0.002187  0.002189  0.989063
0.989856  0.002023  0.002031  0.002030  0.002030  0.002031
0.677883  0.002023  0.002031  0.002029  0.002029  0.314004
0.002375  0.002365  0.988142  0.002372  0.002373  0.002374
0.002081  0.002073  0.989605  0.002080  0.002080  0.002081
0.002082  0.002073  0.989606  0.002079  0.002080  0.002081
0.002030  0.002023  0.002030  0.104943  0.002029  0.886945
0.002032  0.002023  0.002032  0.209588  0.002030  0.782294
0.004557  0.004542  0.603892  0.004554  0.004555  0.377901
0.005816  0.005799  0.970959  0.005807  0.005808  0.005810
0.015275  0.015263  0.923629  0.015258  0.015296  0.015278
0.003180  0.003169  0.003178  0.003180  0.137238  0.850055
0.002031  0.002023  0.002030  0.175952  0.002029  0.815935
0.002516  0.002506  0.002515  0.002514  0.002513  0.987436
0.002031  0.002023  0.002030  0.135296  0.002029  0.856591
0.002309  0.002300  0.002308  0.002307  0.002307  0.988468
0.002134  0.002126  0.002133  0.002132  0.002132  0.989344
0.002309  0.002301  0.620062  0.002308  0.002308  0.370713
0.002031  0.002023  0.002030  0.002029  0.002029  0.989857
0.002030  0.002023  0.002030  0.002029  0.002029  0.989859
0.002189  0.002181  0.622816  0.002188  0.002188  0.368438
0.002082  0.002073  0.989606  0.002079  0.002080  0.002081
0.002080  0.002072  0.002080  0.002079  0.002079  0.989609
0.526650  0.002073  0.002081  0.002080  0.002080  0.465036
0.520720  0.002300  0.002309  0.002307  0.002308  0.470055
0.002032  0.002024  0.002032  0.158402  0.002030  0.833480
0.002032  0.002024  0.002032  0.612741  0.379138  0.002033
0.002031  0.002023  0.002031  0.088273  0.376397  0.529246
0.002134  0.002125  0.856233  0.135242  0.002133  0.002133
0.009898  0.009880  0.009906  0.950469  0.009895  0.009952
0.024086  0.024018  0.024134  0.024012  0.879749  0.024002
0.004323  0.532916  0.449806  0.004317  0.004319  0.004319
0.002031  0.002024  0.728865  0.263019  0.002030  0.002032
0.901339  0.002023  0.002031  0.090547  0.002029  0.002030
0.732272  0.002073  0.002081  0.259411  0.002080  0.002082
0.002032  0.002024  0.002032  0.475267  0.516612  0.002033
0.002082  0.002073  0.989606  0.002079  0.002080  0.002081
0.989858  0.002023  0.002031  0.002029  0.002029  0.002030
0.002082  0.002073  0.989605  0.002079  0.002080  0.002081
0.989858  0.002023  0.002031  0.002029  0.002029  0.002030
0.002031  0.002023  0.989859  0.002028  0.002029  0.002030
0.002081  0.002073  0.624164  0.002080  0.002080  0.367522
0.002031  0.002023  0.989857  0.002029  0.002029  0.002031
0.732420  0.002073  0.002081  0.259264  0.002080  0.002082
0.002134  0.002125  0.569603  0.002132  0.002133  0.421874
0.002189  0.002180  0.888365  0.102888  0.002188  0.002189
0.004113  0.004099  0.979465  0.004105  0.004108  0.004111
0.989858  0.002023  0.002031  0.002029  0.002029  0.002030
0.989607  0.002073  0.002081  0.002079  0.002079  0.002081
0.002031  0.002024  0.989853  0.002032  0.002030  0.002031
0.002031  0.002023  0.989855  0.002030  0.002030  0.002031
0.989606  0.002072  0.002081  0.002079  0.002081  0.002081
0.002134  0.002125  0.989343  0.002132  0.002132  0.002133
0.002081  0.002073  0.735897  0.255787  0.002080  0.002082
0.002081  0.002073  0.989606  0.002079  0.002080  0.002081
0.989608  0.002073  0.002081  0.002079  0.002079  0.002081
0.002082  0.002073  0.989606  0.002079  0.002080  0.002081
0.989858  0.002023  0.002031  0.002029  0.002029  0.002030
0.002135  0.002126  0.002134  0.133747  0.002133  0.857725
0.989607  0.002073  0.002081  0.002079  0.002080  0.002081
0.279018  0.712859  0.002031  0.002030  0.002030  0.002032
0.002032  0.002035  0.002032  0.002031  0.002031  0.989840
0.002593  0.517848  0.471779  0.002592  0.002592  0.002595
0.002084  0.989586  0.002083  0.002082  0.002082  0.002083
0.703724  0.002073  0.002081  0.287961  0.002080  0.002082
0.002857  0.002866  0.742687  0.245877  0.002856  0.002857
0.322003  0.658746  0.004815  0.004810  0.004812  0.004813
0.003743  0.981291  0.003745  0.003738  0.003743  0.003740
0.002031  0.002023  0.989859  0.002028  0.002029  0.002030
0.004553  0.004533  0.977260  0.004550  0.004553  0.004551
0.002031  0.002023  0.989856  0.002029  0.002030  0.002031
0.003304  0.003290  0.983499  0.003302  0.003303  0.003303
0.007338  0.007304  0.007333  0.963361  0.007331  0.007333
0.002444  0.407860  0.582370  0.002441  0.002443  0.002442
0.003917  0.980400  0.003926  0.003914  0.003916  0.003927
0.989858  0.002023  0.002031  0.002029  0.002029  0.002030
0.009921  0.950417  0.009938  0.009897  0.009925  0.009902
0.002081  0.002073  0.989606  0.002079  0.002079  0.002081
0.002031  0.002023  0.989856  0.002029  0.002030  0.002031
0.002031  0.002023  0.002031  0.002029  0.002030  0.989856
0.004818  0.004793  0.975944  0.004814  0.004815  0.004815
0.007332  0.007299  0.007336  0.007324  0.963384  0.007325
0.002135  0.002125  0.002135  0.002132  0.002134  0.989339
0.002081  0.002073  0.989607  0.002079  0.002079  0.002081
0.002189  0.002180  0.002189  0.002188  0.002188  0.989066
0.002374  0.002364  0.002373  0.002373  0.002372  0.988145
0.478540  0.002365  0.002373  0.002373  0.002371  0.511978
0.002133  0.002124  0.002133  0.002132  0.002131  0.989347
0.002080  0.002072  0.002080  0.002079  0.002078  0.989611
0.008044  0.007999  0.008037  0.008029  0.008035  0.959857
0.002032  0.002023  0.002032  0.002029  0.002030  0.989854
0.002133  0.002124  0.902000  0.089477  0.002133  0.002132
0.897419  0.002125  0.002134  0.094057  0.002133  0.002133
0.866496  0.002125  0.002134  0.124980  0.002132  0.002133
0.002081  0.002073  0.886148  0.105536  0.002080  0.002081
0.900229  0.002072  0.002081  0.091457  0.002080  0.002081
0.002031  0.002023  0.795655  0.196231  0.002030  0.002030
0.002190  0.002181  0.002190  0.135308  0.002188  0.855942
0.869463  0.002125  0.002134  0.122013  0.002132  0.002133
0.002309  0.002299  0.988448  0.002328  0.002308  0.002307
0.989858  0.002023  0.002031  0.002029  0.002029  0.002030
0.002031  0.002023  0.989856  0.002029  0.002030  0.002031
0.527860  0.002023  0.002031  0.002030  0.002029  0.464027
0.004327  0.004310  0.004325  0.004318  0.004321  0.978399
0.002082  0.002073  0.989606  0.002079  0.002080  0.002081
0.002031  0.002024  0.750131  0.241753  0.002030  0.002032
0.646882  0.003575  0.003586  0.338785  0.003584  0.003589
0.989607  0.002073  0.002081  0.002079  0.002079  0.002081
0.989858  0.002023  0.002031  0.002029  0.002029  0.002030
0.002081  0.002073  0.002080  0.002080  0.002079  0.989607
0.002031  0.002023  0.887383  0.104502  0.002030  0.002031
0.677883  0.002023  0.002031  0.002029  0.002029  0.314004
0.002082  0.002073  0.989606  0.002079  0.002080  0.002081
0.526650  0.002073  0.002081  0.002080  0.002080  0.465036
0.527938  0.002073  0.002081  0.002080  0.002080  0.463748
0.002081  0.002073  0.002080  0.002080  0.002079  0.989607
0.002031  0.002024  0.002030  0.002032  0.002030  0.989853
0.002031  0.002023  0.887383  0.104502  0.002030  0.002031
0.002031  0.002023  0.887383  0.104502  0.002030  0.002031
0.002080  0.989599  0.002081  0.002080  0.002080  0.002080
0.002132  0.989341  0.002133  0.002130  0.002132  0.002131
0.002031  0.989847  0.002031  0.002029  0.002030  0.002031
0.002033  0.989833  0.002032  0.002037  0.002032  0.002033
0.002031  0.989850  0.002030  0.002029  0.002029  0.002031
0.008881  0.955625  0.008871  0.008875  0.008861  0.008886
0.002192  0.989042  0.002192  0.002191  0.002191  0.002192
0.009913  0.950442  0.009931  0.009898  0.009921  0.009895
0.002444  0.987789  0.002443  0.002441  0.002442  0.002442
0.003439  0.982799  0.003442  0.003440  0.003440  0.003440
0.003181  0.984099  0.003180  0.003180  0.003178  0.003182
0.002133  0.989340  0.002133  0.002130  0.002132  0.002132
0.002445  0.987783  0.002445  0.002441  0.002443  0.002443
0.002674  0.986631  0.002674  0.002673  0.002673  0.002674
0.002031  0.989846  0.002032  0.002030  0.002031  0.002030
0.002247  0.002237  0.002248  0.002245  0.002246  0.988777
0.988469  0.002299  0.002309  0.002306  0.002308  0.002308
0.002031  0.002023  0.989857  0.002029  0.002030  0.002031
0.002030  0.002022  0.989860  0.002028  0.002029  0.002030
0.002036  0.002027  0.002036  0.002033  0.989833  0.002035
0.002133  0.002125  0.989344  0.002131  0.002132  0.002134
0.003065  0.003053  0.984694  0.003061  0.003062  0.003065
0.386454  0.002666  0.518541  0.086989  0.002673  0.002676
0.002081  0.002073  0.989606  0.002079  0.002079  0.002081
0.002082  0.002073  0.002082  0.002079  0.002081  0.989603
0.002309  0.002300  0.830444  0.002307  0.160332  0.002309
0.002080  0.002072  0.989610  0.002078  0.002079  0.002081
0.005807  0.375354  0.601420  0.005801  0.005803  0.005816
0.002957  0.002996  0.985177  0.002955  0.002957  0.002958
0.002030  0.002023  0.795998  0.195889  0.002029  0.002031
0.002031  0.002023  0.624612  0.367273  0.002030  0.002030
0.966309  0.006723  0.006740  0.006747  0.006741  0.006739
0.002031  0.002023  0.989856  0.002029  0.002030  0.002031
0.989858  0.002023  0.002031  0.002029  0.002029  0.002030
0.989607  0.002073  0.002081  0.002079  0.002079  0.002081
0.900552  0.002023  0.002031  0.091335  0.002029  0.002030
0.989608  0.002073  0.002081  0.002079  0.002079  0.002081
0.002859  0.002846  0.002859  0.002856  0.985722  0.002858
0.677883  0.002023  0.002031  0.002029  0.002029  0.314004
0.002133  0.002124  0.902000  0.089477  0.002133  0.002132
0.002031  0.002023  0.989856  0.002029  0.002030  0.002031
0.002031  0.002023  0.989856  0.002029  0.002030  0.002031
0.002030  0.002022  0.459745  0.532145  0.002029  0.002029
0.002083  0.002074  0.002083  0.452616  0.002082  0.539063
0.003440  0.003424  0.003441  0.003439  0.003439  0.982817
0.677777  0.002073  0.002081  0.002079  0.002080  0.313910
0.002081  0.002073  0.989605  0.002080  0.002080  0.002081
0.002082  0.002073  0.989605  0.002080  0.002080  0.002081
0.002030  0.002022  0.666208  0.002028  0.325681  0.002030
0.989858  0.002023  0.002031  0.002029  0.002029  0.002030
0.002134  0.002125  0.989343  0.002132  0.002132  0.002133
0.002031  0.002023  0.989857  0.002029  0.002029  0.002031
0.002080  0.002072  0.989609  0.002078  0.002080  0.002080
0.003921  0.312157  0.003920  0.672165  0.003918  0.003920
0.578777  0.413101  0.002030  0.002030  0.002030  0.002032
0.002031  0.002023  0.918334  0.073554  0.002029  0.002030
0.439104  0.125822  0.003305  0.003303  0.003303  0.425163
0.002031  0.002023  0.744949  0.246937  0.002030  0.002030
0.852057  0.002073  0.002081  0.139629  0.002080  0.002081
0.002031  0.002023  0.887383  0.104502  0.002030  0.002031
0.002033  0.002024  0.002033  0.481439  0.002031  0.510442
0.002081  0.002073  0.857962  0.133724  0.002080  0.002081
0.002031  0.002023  0.591574  0.400312  0.002030  0.002030
0.002188  0.989062  0.002188  0.002187  0.002187  0.002188
0.007348  0.963267  0.007349  0.007343  0.007345  0.007348
0.002514  0.002505  0.002514  0.002514  0.002512  0.987441
0.003066  0.003054  0.984691  0.003062  0.003063  0.003065
0.006240  0.006218  0.968824  0.006237  0.006233  0.006247
0.002373  0.002364  0.988146  0.002371  0.002373  0.002373
0.002248  0.002238  0.002248  0.002245  0.002246  0.988775
0.527860  0.002023  0.002031  0.002030  0.002029  0.464027
0.008877  0.008840  0.955675  0.008868  0.008872  0.008869
