0.990135  0.003328  0.003222  0.003315
0.983664  0.005503  0.005334  0.005500
0.982231  0.005991  0.005790  0.005989
0.990358  0.003242  0.003151  0.003248
0.003258  0.422391  0.003153  0.571198
0.670804  0.003328  0.003230  0.322638
0.989866  0.003415  0.003306  0.003413
0.675442  0.003417  0.003309  0.317832
0.004706  0.004697  0.684737  0.305860
0.014157  0.014165  0.013938  0.957739
0.003842  0.003864  0.644460  0.347834
0.011804  0.011770  0.359273  0.617154
0.990125  0.003327  0.003226  0.003322
0.003605  0.895258  0.097552  0.003585
0.003423  0.422423  0.003312  0.570841
0.975768  0.008156  0.007914  0.008162
0.003415  0.989773  0.003413  0.003399
0.953013  0.015773  0.015424  0.015791
0.003914  0.988388  0.003789  0.003909
0.247221  0.003245  0.003151  0.746383
0.990365  0.003243  0.003147  0.003245
0.990365  0.003243  0.003147  0.003245
0.005135  0.005120  0.210038  0.779707
0.990121  0.003325  0.003224  0.003331
0.405387  0.003328  0.003226  0.588059
0.482647  0.510958  0.003150  0.003245
0.774101  0.219345  0.003223  0.003332
0.003252  0.523554  0.003146  0.470048
0.021034  0.021186  0.937441  0.020339
0.003327  0.990105  0.003235  0.003333
0.408149  0.004570  0.004431  0.582850
0.005755  0.982963  0.005554  0.005727
0.003257  0.990354  0.003149  0.003240
0.003344  0.671092  0.003235  0.322330
0.990368  0.003246  0.003149  0.003236
0.990152  0.003319  0.003220  0.003309
0.989885  0.003413  0.003304  0.003398
0.006002  0.982246  0.005801  0.005951
0.990358  0.003242  0.003151  0.003248
0.990373  0.003243  0.003147  0.003237
0.003263  0.990338  0.003152  0.003247
0.990126  0.003327  0.003225  0.003322
0.989883  0.003411  0.003307  0.003399
0.990357  0.003247  0.003154  0.003242
0.003335  0.990122  0.003224  0.003319
0.003421  0.989872  0.003303  0.003404
0.003274  0.990307  0.003158  0.003261
0.577236  0.011775  0.399391  0.011598
0.990391  0.003236  0.003141  0.003232
0.990363  0.003238  0.003148  0.003251
0.990121  0.003327  0.003229  0.003322
0.482687  0.510919  0.003150  0.003245
0.970331  0.009934  0.009734  0.010001
0.989866  0.003410  0.003307  0.003417
0.989338  0.003585  0.003483  0.003595
0.408741  0.003241  0.003150  0.584867
0.990120  0.003322  0.003229  0.003329
0.511700  0.480607  0.003791  0.003902
0.990370  0.003238  0.003148  0.003244
0.990358  0.003242  0.003151  0.003248
0.990360  0.003247  0.003150  0.003242
0.989330  0.003590  0.003481  0.003599
0.989877  0.003411  0.003307  0.003404
0.003616  0.989282  0.003490  0.003612
0.003411  0.635434  0.003315  0.357839
0.990360  0.003247  0.003150  0.003242
0.990360  0.003247  0.003150  0.003242
0.514522  0.478930  0.003225  0.003323
0.990360  0.003247  0.003150  0.003242
0.990358  0.003242  0.003151  0.003248
0.990361  0.003248  0.003150  0.003241
0.990360  0.003247  0.003150  0.003242
0.004031  0.260278  0.400008  0.335683
0.004912  0.004887  0.503735  0.486466
0.006303  0.006260  0.981091  0.006346
0.006255  0.527515  0.346863  0.119367
0.447278  0.168800  0.003146  0.380776
0.451085  0.003242  0.003150  0.542524
0.003587  0.489954  0.502887  0.003572
0.003697  0.706982  0.285639  0.003682
0.004024  0.004007  0.987961  0.004008
0.408741  0.003241  0.003150  0.584867
0.990365  0.003243  0.003147  0.003245
0.016042  0.015867  0.952483  0.015608
0.990360  0.003247  0.003150  0.003242
0.006583  0.006780  0.980105  0.006531
0.003522  0.989564  0.003396  0.003518
0.003254  0.003234  0.003145  0.990366
0.988408  0.003912  0.003791  0.003890
0.989873  0.003414  0.003308  0.003405
0.005277  0.005251  0.005113  0.984359
0.712061  0.003250  0.003154  0.281536
0.985953  0.004721  0.004591  0.004735
0.003248  0.003235  0.003148  0.990369
0.990358  0.003242  0.003151  0.003248
0.990368  0.003246  0.003149  0.003236
0.003345  0.332989  0.003235  0.660431
0.984900  0.005077  0.004930  0.005093
0.030290  0.029239  0.516864  0.423606
0.004876  0.004853  0.323791  0.666480
0.989046  0.003691  0.003578  0.003685
0.003904  0.988055  0.003831  0.004210
0.989875  0.003406  0.003308  0.003411
0.004918  0.607621  0.004777  0.382685
0.990131  0.003325  0.003222  0.003323
0.643235  0.349489  0.003581  0.003694
0.247221  0.003245  0.003151  0.746383
0.253056  0.003324  0.003227  0.740393
0.003427  0.989840  0.003310  0.003423
0.003260  0.334464  0.003150  0.659126
0.408741  0.003241  0.003150  0.584867
0.003410  0.003393  0.003299  0.989898
0.819763  0.173864  0.003140  0.003232
0.003248  0.003235  0.003148  0.990369
0.003244  0.003261  0.003147  0.990348
0.003691  0.003675  0.003584  0.989050
0.005489  0.005450  0.005346  0.983715
0.671973  0.321632  0.003150  0.003245
0.004722  0.004693  0.004580  0.986004
0.003248  0.003235  0.003148  0.990369
0.479406  0.003244  0.003153  0.514197
0.003412  0.003400  0.003302  0.989886
0.003248  0.003235  0.003148  0.990369
0.492769  0.003323  0.003228  0.500680
0.003248  0.003235  0.003148  0.990369
0.003328  0.003314  0.003223  0.990134
0.523497  0.003244  0.003153  0.470106
0.003248  0.003235  0.003148  0.990369
0.990360  0.003243  0.003151  0.003247
0.990122  0.003329  0.003226  0.003322
0.990126  0.003327  0.003225  0.003322
0.990358  0.003242  0.003151  0.003248
0.990358  0.003242  0.003151  0.003248
0.479406  0.003244  0.003153  0.514197
0.674594  0.319005  0.003151  0.003250
0.990360  0.003247  0.003150  0.003242
0.990360  0.003247  0.003150  0.003242
0.003253  0.553978  0.003150  0.439618
0.003258  0.422391  0.003153  0.571198
0.481561  0.003324  0.003229  0.511886
0.005491  0.005450  0.983535  0.005524
0.008209  0.008135  0.975372  0.008284
0.007248  0.007170  0.978165  0.007417
0.990360  0.003247  0.003150  0.003242
0.006908  0.006851  0.628741  0.357500
0.003258  0.422391  0.003153  0.571198
0.990361  0.003248  0.003150  0.003241
0.479406  0.003244  0.003153  0.514197
0.003577  0.003562  0.912546  0.080315
0.004748  0.004722  0.985759  0.004771
0.003422  0.003408  0.989712  0.003458
0.990358  0.003242  0.003151  0.003248
0.004766  0.004753  0.985754  0.004726
0.004431  0.004406  0.821442  0.169722
0.003808  0.003792  0.988546  0.003853
0.003337  0.003324  0.735251  0.258088
0.003240  0.003227  0.990262  0.003272
0.008770  0.008718  0.973866  0.008646
0.990359  0.003243  0.003150  0.003247
0.482680  0.510925  0.003150  0.003245
0.989612  0.003500  0.003395  0.003494
0.981410  0.006253  0.006098  0.006240
0.990360  0.003247  0.003150  0.003242
0.003613  0.989291  0.003486  0.003610
0.476769  0.516827  0.003151  0.003252
0.990124  0.003321  0.003226  0.003328
0.479935  0.513512  0.003229  0.003325
0.990358  0.003242  0.003151  0.003248
0.712061  0.003250  0.003154  0.281536
0.003264  0.760900  0.003157  0.232679
0.990359  0.003243  0.003150  0.003247
0.990358  0.003242  0.003151  0.003248
0.990360  0.003247  0.003150  0.003242
0.990124  0.003321  0.003226  0.003328
0.990360  0.003247  0.003150  0.003242
0.674594  0.319005  0.003151  0.003250
0.989878  0.003405  0.003304  0.003412
0.990360  0.003247  0.003150  0.003242
0.010866  0.010807  0.967647  0.010681
0.990126  0.003327  0.003225  0.003322
0.990360  0.003247  0.003150  0.003242
0.478256  0.003496  0.003398  0.514850
0.004960  0.004946  0.985160  0.004935
0.990360  0.003247  0.003150  0.003242
0.010751  0.307160  0.671190  0.010898
0.005315  0.005284  0.472451  0.516950
0.340333  0.653270  0.003151  0.003247
0.990360  0.003247  0.003150  0.003242
0.004744  0.985960  0.004572  0.004724
0.990358  0.003242  0.003151  0.003248
0.364864  0.003326  0.097629  0.534180
0.990121  0.003327  0.003229  0.003322
0.003804  0.003795  0.988593  0.003808
0.990360  0.003247  0.003150  0.003242
0.006665  0.980255  0.006419  0.006661
0.007301  0.978425  0.007053  0.007220
0.989612  0.003506  0.003390  0.003491
0.003335  0.990109  0.003226  0.003331
0.946755  0.018064  0.017489  0.017693
0.003262  0.990335  0.003152  0.003251
0.490827  0.502778  0.003150  0.003244
0.003332  0.990124  0.003223  0.003321
0.990365  0.003243  0.003147  0.003245
0.003327  0.144017  0.003221  0.849436
0.988065  0.004013  0.003899  0.004022
0.003511  0.451972  0.003398  0.541119
0.990359  0.003243  0.003150  0.003247
0.674594  0.319005  0.003151  0.003250
0.988734  0.003795  0.003681  0.003790
0.990126  0.003328  0.003225  0.003321
0.990122  0.003327  0.003229  0.003322
0.003244  0.127980  0.003144  0.865632
0.451085  0.003242  0.003150  0.542524
0.007347  0.405565  0.007120  0.579969
0.972383  0.009269  0.009120  0.009228
0.024912  0.926828  0.024313  0.023948
0.005069  0.005129  0.004937  0.984865
0.003247  0.003233  0.003145  0.990375
0.004019  0.004002  0.003895  0.988084
0.003246  0.003231  0.003144  0.990379
0.003689  0.003674  0.003579  0.989057
0.003412  0.003398  0.003309  0.989881
0.705926  0.003695  0.003592  0.286788
0.003248  0.003235  0.003148  0.990369
0.003247  0.172322  0.003148  0.821283
0.707244  0.003505  0.003396  0.285855
0.990121  0.003327  0.003229  0.003322
0.003325  0.162189  0.003223  0.831262
0.472083  0.003326  0.003229  0.521362
0.463213  0.003690  0.003587  0.529511
0.408741  0.003241  0.003150  0.584867
0.003242  0.003261  0.003143  0.990353
0.003276  0.990011  0.003179  0.003534
0.989882  0.003409  0.003301  0.003408
0.015627  0.185982  0.015373  0.783019
0.885974  0.039038  0.037774  0.037214
0.007100  0.007063  0.978828  0.007009
0.670958  0.003247  0.003150  0.322645
0.990363  0.003238  0.003148  0.003251
0.402115  0.003323  0.003226  0.591336
0.003257  0.259081  0.003152  0.734510
0.990125  0.003327  0.003226  0.003322
0.990358  0.003242  0.003151  0.003248
0.990122  0.003329  0.003226  0.003322
0.990358  0.003242  0.003151  0.003248
0.990368  0.003246  0.003149  0.003236
0.711151  0.003330  0.003232  0.282287
0.482715  0.510891  0.003150  0.003245
0.407328  0.003321  0.003228  0.586122
0.003421  0.645356  0.003308  0.347915
0.989610  0.003505  0.003388  0.003497
0.006603  0.980414  0.006419  0.006563
0.990358  0.003242  0.003151  0.003248
0.990116  0.003329  0.003227  0.003329
0.990357  0.003247  0.003154  0.003242
0.990361  0.003248  0.003150  0.003241
0.776125  0.217317  0.003227  0.003331
0.989878  0.003411  0.003305  0.003406
0.668784  0.003333  0.003226  0.324657
0.990129  0.003328  0.003223  0.003320
0.990123  0.003322  0.003227  0.003329
0.990123  0.003327  0.003226  0.003323
0.990358  0.003242  0.003151  0.003248
0.403983  0.003412  0.003308  0.589297
0.990121  0.003324  0.003227  0.003329
0.003257  0.003245  0.675325  0.318172
0.351322  0.003247  0.003398  0.642033
0.004184  0.004192  0.534068  0.457556
0.003322  0.003311  0.758700  0.234667
0.410737  0.003321  0.003226  0.582717
0.951833  0.004573  0.039028  0.004567
0.007827  0.007750  0.976656  0.007768
0.005972  0.005978  0.982130  0.005920
0.990368  0.003246  0.003149  0.003236
0.007293  0.978473  0.007016  0.007217
0.990360  0.003247  0.003150  0.003242
0.005293  0.984351  0.005104  0.005252
0.380070  0.011737  0.011384  0.596809
0.003965  0.003977  0.466825  0.525233
0.006254  0.007455  0.980094  0.006197
0.990358  0.003242  0.003151  0.003248
0.016026  0.016096  0.952225  0.015653
0.507418  0.486033  0.003225  0.003324
0.990360  0.003247  0.003150  0.003242
0.003250  0.653348  0.003149  0.340253
0.977193  0.007728  0.007418  0.007661
0.011779  0.965194  0.011356  0.011672
0.468378  0.003417  0.003308  0.524897
0.483053  0.510396  0.003226  0.003325
0.989599  0.003506  0.003390  0.003505
0.003795  0.003790  0.003670  0.988745
0.003783  0.003778  0.003669  0.988770
0.003405  0.408300  0.003299  0.584996
0.003322  0.386572  0.003221  0.606886
0.012988  0.288188  0.012474  0.686351
0.003258  0.422391  0.003153  0.571198
0.989884  0.003414  0.003300  0.003401
0.989871  0.003411  0.003303  0.003415
0.989882  0.003401  0.003302  0.003414
0.990128  0.003325  0.003223  0.003325
0.990125  0.003320  0.003223  0.003331
0.990362  0.003243  0.003152  0.003244
0.402214  0.003501  0.003395  0.590891
0.989875  0.003408  0.003302  0.003415
0.989064  0.003694  0.003570  0.003672
0.990358  0.003242  0.003151  0.003248
0.990360  0.003247  0.003150  0.003242
0.479406  0.003244  0.003153  0.514197
0.452155  0.006915  0.006749  0.534181
0.990125  0.003327  0.003226  0.003322
0.772569  0.003244  0.003151  0.221036
0.451148  0.005711  0.005593  0.537548
0.990124  0.003321  0.003226  0.003328
0.990358  0.003242  0.003151  0.003248
0.003328  0.003315  0.003226  0.990131
0.990365  0.003243  0.003147  0.003245
0.674594  0.319005  0.003151  0.003250
0.990125  0.003327  0.003226  0.003322
0.472083  0.003326  0.003229  0.521362
0.492769  0.003323  0.003228  0.500680
0.003328  0.003315  0.003223  0.990134
0.003248  0.003235  0.003156  0.990360
0.990365  0.003243  0.003147  0.003245
0.990365  0.003243  0.003147  0.003245
0.003334  0.003327  0.990002  0.003337
0.003410  0.003404  0.989796  0.003391
0.003264  0.003258  0.990212  0.003267
0.003259  0.003248  0.864159  0.129334
0.003254  0.003241  0.990241  0.003264
0.014278  0.014169  0.956991  0.014561
0.003511  0.003496  0.798152  0.194841
0.015920  0.015985  0.952525  0.015569
0.003925  0.003907  0.988258  0.003910
0.005525  0.005531  0.983407  0.005537
0.005107  0.005091  0.984667  0.005135
0.003411  0.003404  0.989792  0.003393
0.003942  0.003945  0.988184  0.003929
0.004277  0.004273  0.987176  0.004274
0.003270  0.003264  0.990215  0.003251
0.003594  0.989343  0.003472  0.003591
0.989040  0.003688  0.003577  0.003694
0.003262  0.990333  0.003152  0.003252
0.003262  0.990342  0.003151  0.003245
0.641191  0.352414  0.003150  0.003245
0.003416  0.989873  0.003307  0.003404
0.004937  0.985378  0.004769  0.004915
0.004277  0.698718  0.004147  0.292858
0.479881  0.513566  0.003228  0.003325
0.003337  0.451596  0.003228  0.541839
0.003708  0.989015  0.003582  0.003695
0.003326  0.990143  0.003221  0.003310
0.009230  0.625948  0.355672  0.009149
0.004723  0.985658  0.004915  0.004704
0.256592  0.736998  0.003159  0.003251
0.990369  0.003243  0.003146  0.003241
0.968048  0.010681  0.010541  0.010730
0.990360  0.003247  0.003150  0.003242
0.990358  0.003242  0.003151  0.003248
0.990124  0.003321  0.003226  0.003328
0.990370  0.003238  0.003148  0.003244
0.990123  0.003322  0.003227  0.003329
0.986440  0.004566  0.004419  0.004575
0.674594  0.319005  0.003151  0.003250
0.989884  0.003414  0.003300  0.003401
0.990360  0.003247  0.003150  0.003242
0.990360  0.003247  0.003150  0.003242
0.990403  0.003237  0.003139  0.003221
0.763672  0.229780  0.003230  0.003319
0.983670  0.005512  0.005308  0.005510
0.686282  0.307162  0.003226  0.003329
0.990127  0.003327  0.003225  0.003320
0.990126  0.003327  0.003225  0.003322
0.003251  0.990368  0.003146  0.003235
0.990358  0.003242  0.003151  0.003248
0.989878  0.003411  0.003305  0.003406
0.482644  0.510961  0.003150  0.003245
0.003341  0.990110  0.003226  0.003323
0.006327  0.006278  0.390231  0.597165
0.003259  0.003248  0.390538  0.602955
0.990366  0.003249  0.003146  0.003239
0.324503  0.005274  0.131720  0.538504
0.990366  0.003241  0.003151  0.003242
0.990128  0.003320  0.003223  0.003330
0.990365  0.003243  0.003147  0.003245
0.766765  0.226839  0.003147  0.003249
0.990131  0.003323  0.003222  0.003324
0.990391  0.003236  0.003141  0.003232
0.003504  0.003492  0.989503  0.003501
0.011810  0.011805  0.671040  0.305345
0.004012  0.367233  0.003890  0.624866
0.985440  0.004910  0.004763  0.004886
0.009967  0.970489  0.009674  0.009870
0.003813  0.988717  0.003679  0.003791
0.003615  0.989287  0.003487  0.003611
0.479406  0.003244  0.003153  0.514197
0.957980  0.014260  0.013764  0.013996
