0.989873  0.002540  0.002539  0.002516  0.002533
0.990115  0.002477  0.002480  0.002455  0.002474
0.002481  0.261839  0.730750  0.002457  0.002473
0.885548  0.002539  0.002541  0.002515  0.106857
0.989868  0.002540  0.002541  0.002517  0.002534
0.804273  0.188325  0.002476  0.002455  0.002471
0.903386  0.002537  0.002539  0.002515  0.089022
0.877361  0.115229  0.002477  0.002455  0.002477
0.989619  0.002601  0.002604  0.002577  0.002599
0.989879  0.002538  0.002538  0.002515  0.002531
0.990115  0.002477  0.002480  0.002455  0.002474
0.989874  0.002538  0.002539  0.002516  0.002533
0.840063  0.152535  0.002477  0.002455  0.002471
0.914129  0.002477  0.002478  0.002456  0.078460
0.989354  0.002668  0.002669  0.002644  0.002665
0.914129  0.002477  0.002478  0.002456  0.078460
0.989877  0.002539  0.002538  0.002515  0.002531
0.989066  0.002742  0.002740  0.002714  0.002737
0.501195  0.491394  0.002479  0.002455  0.002477
0.002751  0.302211  0.002743  0.689557  0.002739
0.990119  0.002476  0.002478  0.002454  0.002473
0.714146  0.181746  0.002601  0.098909  0.002598
0.002606  0.264574  0.727639  0.002580  0.002601
0.989488  0.002605  0.002602  0.002706  0.002600
0.003166  0.987377  0.003165  0.003132  0.003160
0.002482  0.002479  0.990107  0.002456  0.002476
0.990115  0.002477  0.002479  0.002453  0.002476
0.990114  0.002477  0.002479  0.002455  0.002475
0.989864  0.002541  0.002542  0.002516  0.002537
0.002485  0.581688  0.002481  0.002456  0.410890
0.657118  0.335286  0.002542  0.002516  0.002537
0.002479  0.571779  0.420814  0.002455  0.002473
0.990115  0.002477  0.002479  0.002453  0.002476
0.990111  0.002477  0.002481  0.002454  0.002477
0.989875  0.002537  0.002539  0.002515  0.002534
0.765998  0.226594  0.002479  0.002454  0.002475
0.989617  0.002601  0.002606  0.002578  0.002598
0.989344  0.002670  0.002673  0.002645  0.002667
0.002608  0.002604  0.989605  0.002578  0.002605
0.989871  0.002538  0.002541  0.002516  0.002535
0.778665  0.212161  0.003070  0.003042  0.003063
0.989613  0.002602  0.002605  0.002578  0.002602
0.881910  0.002538  0.002541  0.002515  0.110495
0.990119  0.002476  0.002478  0.002454  0.002473
0.989348  0.002669  0.002673  0.002645  0.002665
0.989874  0.002538  0.002539  0.002516  0.002533
0.783943  0.207635  0.002820  0.002791  0.002811
0.759757  0.232651  0.002541  0.002516  0.002535
0.747321  0.002476  0.002478  0.002454  0.245271
0.990119  0.002476  0.002478  0.002454  0.002473
0.799865  0.192729  0.002478  0.002454  0.002473
0.990118  0.002477  0.002478  0.002456  0.002472
0.990115  0.002477  0.002480  0.002455  0.002474
0.990119  0.002476  0.002478  0.002454  0.002473
0.990119  0.002476  0.002478  0.002454  0.002473
0.003171  0.513009  0.003178  0.477473  0.003168
0.003610  0.003607  0.003618  0.481969  0.507195
0.005304  0.005291  0.005312  0.978798  0.005295
0.002480  0.226126  0.766463  0.002455  0.002475
0.002544  0.002539  0.989863  0.002516  0.002538
0.002744  0.484600  0.002740  0.507181  0.002736
0.002905  0.699974  0.002901  0.291323  0.002897
0.003069  0.003063  0.003066  0.987740  0.003061
0.002481  0.002477  0.855542  0.002455  0.137045
0.990115  0.002477  0.002479  0.002453  0.002476
0.674437  0.002476  0.002478  0.002454  0.318155
0.789661  0.202557  0.002606  0.002578  0.002598
0.002539  0.002535  0.989878  0.002514  0.002532
0.987767  0.003066  0.003067  0.003040  0.003060
0.989349  0.002669  0.002671  0.002645  0.002665
0.003371  0.003366  0.986561  0.003342  0.003360
0.659462  0.002476  0.333134  0.002456  0.002472
0.986097  0.003481  0.003489  0.003456  0.003476
0.002478  0.002474  0.792409  0.002454  0.200185
0.002489  0.002485  0.002488  0.002462  0.990076
0.990123  0.002475  0.002476  0.002454  0.002471
0.659462  0.002476  0.333134  0.002456  0.002472
0.003370  0.003364  0.685356  0.304548  0.003362
0.989349  0.002669  0.002671  0.002646  0.002665
0.989613  0.002603  0.002606  0.002581  0.002598
0.990115  0.002477  0.002479  0.002453  0.002476
0.002909  0.823432  0.002908  0.002876  0.167876
0.002482  0.002479  0.990107  0.002456  0.002476
0.002481  0.002484  0.990098  0.002456  0.002480
0.002609  0.677823  0.002608  0.002581  0.314379
0.002480  0.226126  0.766463  0.002455  0.002475
0.002482  0.002478  0.990108  0.002455  0.002477
0.002603  0.002599  0.989623  0.002576  0.002599
0.725739  0.266853  0.002479  0.002455  0.002474
0.002478  0.002474  0.990122  0.002454  0.002471
0.002478  0.002474  0.990122  0.002454  0.002471
0.002817  0.002812  0.988769  0.002792  0.002809
0.003485  0.003478  0.986107  0.003458  0.003473
0.990119  0.002476  0.002478  0.002454  0.002473
0.003164  0.003159  0.987388  0.003137  0.003153
0.002604  0.002599  0.989622  0.002578  0.002596
0.002544  0.002540  0.989863  0.002517  0.002536
0.002539  0.002536  0.989877  0.002516  0.002531
0.002478  0.002475  0.990121  0.002456  0.002471
0.002609  0.002604  0.989603  0.002581  0.002603
0.002476  0.002485  0.990104  0.002456  0.002479
0.002478  0.002474  0.990122  0.002454  0.002471
0.002483  0.002478  0.990107  0.002456  0.002475
0.002478  0.002475  0.990121  0.002456  0.002471
0.637752  0.354829  0.002480  0.002457  0.002482
0.989348  0.002669  0.002671  0.002644  0.002668
0.990119  0.002476  0.002478  0.002454  0.002473
0.990115  0.002477  0.002480  0.002455  0.002474
0.990115  0.002477  0.002480  0.002455  0.002474
0.002483  0.002478  0.990107  0.002456  0.002475
0.002483  0.465245  0.002482  0.002456  0.527334
0.990119  0.002476  0.002478  0.002454  0.002473
0.990119  0.002476  0.002478  0.002454  0.002473
0.002480  0.403275  0.589317  0.002455  0.002473
0.002606  0.228467  0.763746  0.002578  0.002603
0.002609  0.002604  0.989606  0.002580  0.002602
0.989875  0.002537  0.002539  0.002515  0.002534
0.002481  0.232615  0.759974  0.002456  0.002474
0.990119  0.002476  0.002478  0.002454  0.002473
0.002482  0.002484  0.990098  0.002457  0.002479
0.002743  0.002739  0.002749  0.989034  0.002736
0.003488  0.003482  0.003492  0.985951  0.003586
0.002601  0.002597  0.002606  0.989600  0.002596
0.990115  0.002477  0.002480  0.002455  0.002474
0.003748  0.003739  0.003738  0.985043  0.003732
0.003618  0.003611  0.003622  0.985539  0.003611
0.003161  0.003157  0.003169  0.987358  0.003155
0.002549  0.002545  0.002550  0.989815  0.002542
0.990114  0.002477  0.002480  0.002456  0.002473
0.799865  0.192729  0.002478  0.002454  0.002473
0.989064  0.002741  0.002742  0.002717  0.002736
0.983921  0.004027  0.004032  0.003996  0.004024
0.990116  0.002476  0.002478  0.002453  0.002476
0.756787  0.235018  0.002744  0.002715  0.002737
0.002483  0.496725  0.495860  0.002456  0.002476
0.990114  0.002477  0.002480  0.002456  0.002473
0.766750  0.225661  0.002539  0.002517  0.002533
0.990115  0.002477  0.002480  0.002455  0.002474
0.657142  0.002601  0.335078  0.002579  0.002600
0.990122  0.002476  0.002476  0.002455  0.002471
0.990114  0.002477  0.002480  0.002456  0.002473
0.990115  0.002477  0.002480  0.002455  0.002474
0.990119  0.002476  0.002478  0.002454  0.002473
0.990115  0.002477  0.002480  0.002455  0.002474
0.990119  0.002476  0.002478  0.002454  0.002473
0.761918  0.230673  0.002480  0.002455  0.002474
0.989618  0.002601  0.002605  0.002578  0.002599
0.990119  0.002476  0.002478  0.002454  0.002473
0.990115  0.002477  0.002479  0.002453  0.002476
0.990119  0.002476  0.002478  0.002454  0.002473
0.002903  0.002898  0.988434  0.002872  0.002894
0.990119  0.002476  0.002478  0.002454  0.002473
0.633193  0.359024  0.002604  0.002577  0.002601
0.990118  0.002477  0.002478  0.002456  0.002472
0.990115  0.002476  0.002479  0.002455  0.002475
0.002482  0.002479  0.885648  0.106916  0.002475
0.989874  0.002538  0.002539  0.002516  0.002533
0.002897  0.002891  0.002896  0.988429  0.002887
0.990114  0.002477  0.002479  0.002455  0.002475
0.002541  0.989869  0.002541  0.002514  0.002534
0.548806  0.443788  0.002478  0.002454  0.002473
0.725739  0.266853  0.002479  0.002455  0.002474
0.002481  0.990112  0.002479  0.002455  0.002474
0.990115  0.002477  0.002479  0.002453  0.002476
0.002477  0.234448  0.758141  0.002454  0.002480
0.987372  0.003163  0.003167  0.003137  0.003162
0.002606  0.275070  0.717146  0.002580  0.002599
0.989613  0.002602  0.002605  0.002578  0.002602
0.002484  0.595530  0.002483  0.002458  0.397045
0.988764  0.002815  0.002817  0.002790  0.002814
0.989619  0.002601  0.002604  0.002577  0.002599
0.989875  0.002537  0.002539  0.002515  0.002534
0.002477  0.116321  0.876276  0.002453  0.002473
0.002608  0.002604  0.989605  0.002578  0.002605
0.003483  0.003499  0.986089  0.003454  0.003475
0.002478  0.002474  0.990122  0.002453  0.002473
0.003069  0.003064  0.987764  0.003041  0.003062
0.002539  0.002535  0.989879  0.002513  0.002534
0.002897  0.002891  0.988452  0.002869  0.002892
0.002603  0.002599  0.989623  0.002578  0.002597
0.450517  0.002894  0.286614  0.002872  0.257104
0.002478  0.002475  0.990121  0.002456  0.002471
0.002539  0.119310  0.873103  0.002515  0.002532
0.652960  0.002538  0.339453  0.002516  0.002533
0.744272  0.002537  0.002539  0.002515  0.248137
0.002603  0.119983  0.872237  0.002578  0.002599
0.002544  0.002540  0.989863  0.002516  0.002536
0.002903  0.002898  0.988432  0.002871  0.002897
0.002479  0.002475  0.283852  0.002454  0.708741
0.002477  0.002485  0.990113  0.002453  0.002473
0.002479  0.531872  0.460721  0.002454  0.002474
0.002677  0.002672  0.002671  0.002645  0.989336
0.577111  0.002476  0.415484  0.002455  0.002475
0.002494  0.002489  0.002493  0.002465  0.990059
0.002540  0.002536  0.280265  0.002514  0.712145
0.002481  0.002490  0.990098  0.002455  0.002477
0.990118  0.002477  0.002478  0.002456  0.002472
0.989870  0.002538  0.002541  0.002516  0.002535
0.989875  0.002538  0.002539  0.002514  0.002534
0.990115  0.002477  0.002480  0.002455  0.002474
0.990123  0.002475  0.002476  0.002454  0.002471
0.658445  0.002537  0.333968  0.002516  0.002533
0.799865  0.192729  0.002478  0.002454  0.002473
0.002544  0.002539  0.989863  0.002516  0.002538
0.647253  0.002605  0.344966  0.002580  0.002597
0.989344  0.002672  0.002672  0.002643  0.002668
0.978972  0.005273  0.005271  0.005230  0.005254
0.990114  0.002477  0.002480  0.002456  0.002473
0.989340  0.002672  0.002673  0.002646  0.002668
0.990119  0.002476  0.002478  0.002454  0.002473
0.990119  0.002476  0.002478  0.002454  0.002473
0.989613  0.002603  0.002605  0.002580  0.002599
0.989348  0.002670  0.002671  0.002645  0.002665
0.570752  0.002540  0.421657  0.002516  0.002535
0.702488  0.289921  0.002540  0.002515  0.002536
0.989870  0.002538  0.002541  0.002516  0.002535
0.990119  0.002476  0.002478  0.002454  0.002473
0.989613  0.002602  0.002605  0.002578  0.002602
0.002608  0.002607  0.989604  0.002580  0.002601
0.989870  0.002538  0.002541  0.002515  0.002535
0.002492  0.002488  0.002493  0.990042  0.002485
0.002543  0.002539  0.989819  0.002560  0.002539
0.002992  0.002987  0.557622  0.433421  0.002977
0.002490  0.002486  0.002492  0.990049  0.002483
0.002608  0.002604  0.989606  0.002578  0.002603
0.990123  0.002475  0.002476  0.002454  0.002471
0.990118  0.002477  0.002478  0.002456  0.002472
0.003170  0.686714  0.003165  0.303789  0.003162
0.990111  0.002477  0.002481  0.002454  0.002477
0.725739  0.266853  0.002479  0.002455  0.002474
0.989617  0.002601  0.002604  0.002577  0.002601
0.002479  0.583973  0.408620  0.002456  0.002472
0.002609  0.002607  0.989604  0.002581  0.002600
0.725739  0.266853  0.002479  0.002455  0.002474
0.988755  0.002819  0.002821  0.002788  0.002817
0.002538  0.385936  0.606481  0.002514  0.002532
0.002602  0.327942  0.664282  0.002576  0.002598
0.002481  0.261839  0.730750  0.002457  0.002473
0.989875  0.002538  0.002539  0.002514  0.002535
0.989607  0.002606  0.002607  0.002579  0.002601
0.990111  0.002477  0.002481  0.002454  0.002477
0.989614  0.002604  0.002605  0.002578  0.002600
0.989867  0.002539  0.002542  0.002514  0.002538
0.990115  0.002477  0.002479  0.002453  0.002476
0.002676  0.002674  0.989335  0.002646  0.002670
0.989864  0.002541  0.002542  0.002516  0.002537
0.989354  0.002669  0.002669  0.002644  0.002664
0.990115  0.002477  0.002480  0.002455  0.002474
0.990119  0.002476  0.002478  0.002454  0.002473
0.002483  0.002478  0.990107  0.002456  0.002475
0.989618  0.002602  0.002604  0.002579  0.002598
0.659462  0.002476  0.333134  0.002456  0.002472
0.990115  0.002477  0.002480  0.002455  0.002474
0.627468  0.365117  0.002481  0.002456  0.002478
0.002604  0.002599  0.989622  0.002578  0.002596
0.897224  0.002489  0.002481  0.002456  0.095350
0.989344  0.002669  0.002673  0.002647  0.002666
0.989619  0.002601  0.002604  0.002577  0.002599
0.002544  0.002540  0.989863  0.002516  0.002536
0.002483  0.002478  0.990107  0.002456  0.002475
0.002604  0.002599  0.989622  0.002577  0.002597
0.002478  0.002474  0.990122  0.002454  0.002471
0.781984  0.002608  0.002605  0.002578  0.210225
0.989872  0.002537  0.002539  0.002514  0.002537
0.002539  0.002535  0.002535  0.989859  0.002532
0.002479  0.002475  0.002478  0.990097  0.002471
0.002482  0.002481  0.002484  0.990073  0.002481
0.002474  0.002478  0.002476  0.990098  0.002474
0.002547  0.002543  0.002549  0.989820  0.002541
0.002982  0.002977  0.002980  0.988086  0.002975
0.003611  0.003608  0.003614  0.985562  0.003605
0.002742  0.002737  0.002737  0.989047  0.002737
0.002828  0.002825  0.002822  0.988706  0.002818
0.002543  0.002538  0.002538  0.989845  0.002535
0.002744  0.989064  0.002743  0.002714  0.002734
0.523485  0.469107  0.002478  0.002456  0.002473
0.816307  0.176287  0.002479  0.002455  0.002472
0.383836  0.608380  0.002604  0.002580  0.002600
0.002542  0.273699  0.718709  0.002516  0.002535
0.002480  0.990115  0.002477  0.002454  0.002474
0.734257  0.002480  0.002479  0.002455  0.258330
0.990119  0.002476  0.002478  0.002454  0.002473
0.990115  0.002477  0.002480  0.002455  0.002474
0.990115  0.002477  0.002480  0.002455  0.002474
0.990115  0.002477  0.002480  0.002455  0.002474
0.990115  0.002477  0.002480  0.002455  0.002474
0.986981  0.003262  0.003267  0.003231  0.003258
0.761918  0.230673  0.002480  0.002455  0.002474
0.989876  0.002538  0.002538  0.002513  0.002535
0.990118  0.002477  0.002478  0.002456  0.002472
0.990119  0.002476  0.002478  0.002454  0.002473
0.772009  0.002480  0.002477  0.002454  0.220580
0.374363  0.618040  0.002542  0.002517  0.002538
0.326986  0.665601  0.002481  0.002456  0.002476
0.989874  0.002538  0.002539  0.002516  0.002533
0.747321  0.002476  0.002478  0.002454  0.245271
0.408992  0.583607  0.002477  0.002454  0.002472
0.989870  0.002538  0.002541  0.002515  0.002535
0.989619  0.002601  0.002604  0.002577  0.002599
0.799865  0.192729  0.002478  0.002454  0.002473
0.796461  0.195956  0.002537  0.002514  0.002532
0.004202  0.004206  0.621747  0.365624  0.004220
0.002481  0.002477  0.582535  0.410032  0.002475
0.990120  0.002476  0.002477  0.002453  0.002474
0.003745  0.003738  0.732540  0.256244  0.003733
0.990115  0.002477  0.002479  0.002453  0.002476
0.989867  0.002539  0.002542  0.002514  0.002538
0.990115  0.002477  0.002479  0.002453  0.002476
0.002483  0.782784  0.002483  0.002457  0.209792
0.989871  0.002538  0.002540  0.002514  0.002537
0.990114  0.002477  0.002479  0.002455  0.002475
0.002670  0.002666  0.002669  0.989333  0.002663
0.762666  0.228433  0.002978  0.002951  0.002972
0.787753  0.204263  0.002673  0.002646  0.002665
0.002481  0.002477  0.741709  0.002457  0.250876
0.989613  0.002605  0.002606  0.002578  0.002599
0.002544  0.002542  0.989861  0.002517  0.002537
0.002543  0.989866  0.002540  0.002515  0.002536
0.986554  0.003368  0.003374  0.003339  0.003365
0.988446  0.002897  0.002897  0.002866  0.002895
0.003738  0.003828  0.003729  0.984981  0.003724
0.002742  0.002741  0.989068  0.002715  0.002734
0.002684  0.002679  0.002682  0.002654  0.989301
0.827489  0.165109  0.002476  0.002454  0.002471
0.002822  0.988754  0.002818  0.002791  0.002815
0.521765  0.470039  0.002742  0.002715  0.002737
