0.432812  0.558885  0.002082  0.002067  0.002081  0.002074
0.002030  0.002030  0.989870  0.002016  0.002030  0.002023
0.494095  0.002031  0.002031  0.002017  0.497802  0.002024
0.002081  0.002080  0.989616  0.002071  0.002080  0.002073
0.351344  0.002081  0.640354  0.002067  0.002081  0.002073
0.187027  0.804872  0.002031  0.002017  0.002030  0.002023
0.002081  0.208938  0.782755  0.002072  0.002080  0.002073
0.002030  0.989861  0.002032  0.002023  0.002030  0.002024
0.002133  0.281489  0.710001  0.002119  0.002133  0.002125
0.002080  0.989619  0.002081  0.002067  0.002080  0.002073
0.002030  0.002030  0.989870  0.002016  0.002030  0.002023
0.002081  0.575766  0.415930  0.002068  0.002081  0.002074
0.002030  0.989869  0.002030  0.002018  0.002030  0.002023
0.377156  0.614738  0.002032  0.002020  0.002031  0.002024
0.002188  0.989081  0.002189  0.002174  0.002188  0.002180
0.377156  0.614738  0.002032  0.002020  0.002031  0.002024
0.002081  0.989618  0.002081  0.002067  0.002080  0.002073
0.002247  0.988789  0.002247  0.002232  0.002246  0.002238
0.201374  0.790517  0.002032  0.002022  0.002031  0.002024
0.002251  0.002255  0.002252  0.002239  0.002251  0.988752
0.002030  0.283677  0.708223  0.002017  0.002030  0.002023
0.109625  0.788703  0.002134  0.002127  0.002133  0.095279
0.493793  0.002134  0.002134  0.002119  0.497693  0.002126
0.002133  0.989334  0.002133  0.002129  0.002132  0.002139
0.987064  0.002592  0.002594  0.002575  0.002592  0.002583
0.291715  0.002031  0.002032  0.002018  0.700181  0.002024
0.002031  0.406490  0.585407  0.002018  0.002031  0.002023
0.298260  0.693636  0.002032  0.002018  0.002031  0.002024
0.989617  0.002081  0.002081  0.002067  0.002081  0.002073
0.690076  0.301819  0.002031  0.002020  0.002030  0.002023
0.989608  0.002083  0.002084  0.002068  0.002083  0.002075
0.796169  0.002030  0.002030  0.002017  0.195730  0.002023
0.002031  0.406490  0.585407  0.002018  0.002031  0.002023
0.002031  0.002031  0.989867  0.002018  0.002031  0.002023
0.002080  0.284165  0.707535  0.002067  0.002080  0.002073
0.484124  0.507773  0.002032  0.002017  0.002031  0.002023
0.002133  0.002134  0.989356  0.002118  0.002134  0.002125
0.002188  0.002188  0.989081  0.002173  0.002189  0.002180
0.002134  0.002133  0.439300  0.002119  0.552189  0.002125
0.002080  0.002080  0.989620  0.002066  0.002080  0.002073
0.438531  0.551430  0.002517  0.002499  0.002516  0.002507
0.002133  0.002133  0.989358  0.002118  0.002133  0.002125
0.002081  0.002080  0.989616  0.002071  0.002080  0.002073
0.002030  0.283677  0.708223  0.002017  0.002030  0.002023
0.002188  0.002189  0.989080  0.002173  0.002189  0.002181
0.002081  0.583484  0.408212  0.002068  0.002081  0.002074
0.199701  0.002309  0.791087  0.002293  0.002309  0.002300
0.194842  0.002080  0.796857  0.002067  0.002080  0.002073
0.002030  0.731686  0.260211  0.002019  0.002031  0.002024
0.002030  0.283677  0.708223  0.002017  0.002030  0.002023
0.194703  0.309936  0.489290  0.002017  0.002030  0.002023
0.002031  0.583045  0.408851  0.002018  0.002031  0.002024
0.002030  0.002030  0.989870  0.002016  0.002030  0.002023
0.002030  0.283677  0.708223  0.002017  0.002030  0.002023
0.002030  0.283677  0.708223  0.002017  0.002030  0.002023
0.517093  0.002593  0.002595  0.002584  0.002597  0.472538
0.002963  0.002966  0.002965  0.002956  0.002965  0.985185
0.004328  0.004327  0.004330  0.004305  0.004332  0.978378
0.426026  0.002031  0.002031  0.002017  0.565871  0.002023
0.002081  0.002081  0.444149  0.002067  0.547549  0.002073
0.439291  0.002249  0.002247  0.002240  0.002246  0.551726
0.308060  0.401670  0.002375  0.002366  0.002374  0.283156
0.002513  0.002514  0.002515  0.002506  0.002514  0.987438
0.322956  0.002031  0.002032  0.002020  0.668937  0.002024
0.002031  0.406490  0.585407  0.002018  0.002031  0.002023
0.002031  0.780134  0.211761  0.002020  0.002031  0.002023
0.196694  0.002134  0.794794  0.002119  0.002134  0.002126
0.002080  0.002080  0.002081  0.002066  0.989621  0.002073
0.002514  0.987451  0.002516  0.002498  0.002515  0.002507
0.002188  0.313882  0.677386  0.002174  0.002188  0.002181
0.002763  0.002762  0.002762  0.002746  0.986213  0.002754
0.002030  0.456779  0.002032  0.002017  0.535119  0.002024
0.002855  0.002857  0.985748  0.002836  0.002857  0.002847
0.002029  0.207382  0.002031  0.002023  0.784512  0.002024
0.002030  0.400861  0.591034  0.002021  0.002030  0.002024
0.002030  0.989870  0.002031  0.002016  0.002030  0.002023
0.002030  0.456779  0.002032  0.002017  0.535119  0.002024
0.002761  0.002761  0.002763  0.002752  0.684967  0.303997
0.002188  0.285202  0.706066  0.002174  0.002188  0.002181
0.159952  0.002134  0.831534  0.002120  0.002133  0.002127
0.002031  0.406490  0.585407  0.002018  0.002031  0.002023
0.988144  0.002376  0.002377  0.002359  0.002376  0.002367
0.291715  0.002031  0.002032  0.002018  0.700181  0.002024
0.002031  0.002030  0.527023  0.002020  0.464873  0.002023
0.136036  0.855450  0.002133  0.002123  0.002133  0.002125
0.426026  0.002031  0.002031  0.002017  0.565871  0.002023
0.002031  0.002030  0.445730  0.002017  0.546169  0.002023
0.002133  0.002132  0.002133  0.002119  0.989358  0.002125
0.582852  0.409045  0.002031  0.002017  0.002031  0.002023
0.002029  0.002030  0.002031  0.002016  0.989870  0.002023
0.002029  0.002030  0.002031  0.002016  0.989870  0.002023
0.002307  0.002308  0.002309  0.002293  0.988483  0.002301
0.002857  0.002855  0.002856  0.002839  0.985745  0.002848
0.002030  0.283677  0.708223  0.002017  0.002030  0.002023
0.002593  0.002592  0.002593  0.002577  0.987061  0.002585
0.002132  0.002132  0.002134  0.002118  0.989358  0.002126
0.002080  0.002080  0.633873  0.002066  0.357826  0.002074
0.002081  0.002080  0.002081  0.002067  0.989618  0.002073
0.002031  0.002030  0.002030  0.002018  0.989868  0.002024
0.232655  0.002134  0.002135  0.002120  0.758830  0.002127
0.002030  0.002030  0.002031  0.002024  0.989861  0.002024
0.002029  0.002030  0.002031  0.002016  0.989870  0.002023
0.002030  0.002030  0.635474  0.002017  0.356426  0.002023
0.002031  0.002030  0.002030  0.002018  0.989868  0.002024
0.134300  0.002030  0.857593  0.002024  0.002030  0.002024
0.002188  0.381247  0.610022  0.002174  0.002189  0.002180
0.002030  0.283677  0.708223  0.002017  0.002030  0.002023
0.002030  0.002030  0.989870  0.002016  0.002030  0.002023
0.002030  0.002030  0.989870  0.002016  0.002030  0.002023
0.002030  0.002030  0.635474  0.002017  0.356426  0.002023
0.498434  0.493460  0.002032  0.002020  0.002031  0.002024
0.002030  0.283677  0.708223  0.002017  0.002030  0.002023
0.002030  0.283677  0.708223  0.002017  0.002030  0.002023
0.310388  0.002031  0.002032  0.002019  0.681506  0.002024
0.425803  0.002133  0.002134  0.002119  0.565684  0.002126
0.002133  0.002133  0.637515  0.002119  0.353975  0.002126
0.002080  0.284140  0.707560  0.002066  0.002080  0.002073
0.210338  0.002030  0.387810  0.002017  0.395781  0.002024
0.002030  0.283677  0.708223  0.002017  0.002030  0.002023
0.002030  0.002030  0.696172  0.002019  0.295725  0.002024
0.002246  0.002246  0.002247  0.002239  0.002249  0.988773
0.002855  0.002858  0.002857  0.002853  0.002858  0.985719
0.002131  0.002131  0.002133  0.002126  0.002134  0.989345
0.002030  0.002030  0.989870  0.002016  0.002030  0.002023
0.003064  0.003067  0.003065  0.003054  0.003063  0.984688
0.002957  0.002957  0.002960  0.002946  0.002960  0.985219
0.002591  0.002590  0.002592  0.002584  0.002594  0.987049
0.002082  0.002082  0.002083  0.002073  0.002083  0.989596
0.157509  0.002031  0.834387  0.002018  0.002031  0.002024
0.194703  0.309936  0.489290  0.002017  0.002030  0.002023
0.002248  0.580911  0.410121  0.002233  0.002247  0.002240
0.003303  0.306671  0.680146  0.003282  0.003304  0.003293
0.002031  0.375012  0.616879  0.002024  0.002031  0.002023
0.205828  0.785195  0.002248  0.002242  0.002248  0.002239
0.002030  0.400213  0.591683  0.002020  0.002031  0.002023
0.157509  0.002031  0.834387  0.002018  0.002031  0.002024
0.490516  0.501180  0.002082  0.002067  0.002081  0.002074
0.002030  0.002030  0.989870  0.002016  0.002030  0.002023
0.002133  0.489915  0.002134  0.002119  0.501573  0.002126
0.002030  0.989869  0.002031  0.002017  0.002030  0.002023
0.157509  0.002031  0.834387  0.002018  0.002031  0.002024
0.002030  0.002030  0.989870  0.002016  0.002030  0.002023
0.002030  0.283677  0.708223  0.002017  0.002030  0.002023
0.002030  0.002030  0.989870  0.002016  0.002030  0.002023
0.002030  0.283677  0.708223  0.002017  0.002030  0.002023
0.193930  0.002030  0.797970  0.002017  0.002030  0.002023
0.002132  0.002133  0.989350  0.002125  0.002133  0.002125
0.002030  0.283677  0.708223  0.002017  0.002030  0.002023
0.002031  0.406490  0.585407  0.002018  0.002031  0.002023
0.002030  0.283677  0.708223  0.002017  0.002030  0.002023
0.286288  0.002374  0.002375  0.002359  0.704237  0.002366
0.002030  0.283677  0.708223  0.002017  0.002030  0.002023
0.002133  0.767725  0.223762  0.002121  0.002134  0.002125
0.002031  0.583045  0.408851  0.002018  0.002031  0.002024
0.002030  0.002030  0.989865  0.002022  0.002030  0.002023
0.002032  0.002031  0.346437  0.057043  0.590421  0.002036
0.002081  0.585410  0.406286  0.002068  0.002081  0.002074
0.002372  0.002374  0.002373  0.002366  0.002373  0.988143
0.298260  0.693636  0.002032  0.002018  0.002031  0.002024
0.002081  0.403220  0.588475  0.002070  0.002081  0.002073
0.306646  0.685250  0.002032  0.002018  0.002031  0.002024
0.582852  0.409045  0.002031  0.002017  0.002031  0.002023
0.819588  0.172311  0.002030  0.002018  0.002030  0.002023
0.002031  0.406490  0.585407  0.002018  0.002031  0.002023
0.317200  0.002029  0.002030  0.002019  0.674698  0.002023
0.170228  0.002593  0.819423  0.002577  0.002593  0.002585
0.218354  0.002133  0.350345  0.002119  0.424922  0.002126
0.002133  0.002133  0.989358  0.002118  0.002133  0.002125
0.476422  0.002030  0.515474  0.002020  0.002030  0.002023
0.002308  0.344720  0.646070  0.002293  0.002308  0.002300
0.002133  0.281489  0.710001  0.002119  0.002133  0.002125
0.002080  0.284163  0.707537  0.002066  0.002080  0.002073
0.159698  0.002030  0.002030  0.002017  0.832202  0.002023
0.002134  0.002133  0.439300  0.002119  0.552189  0.002125
0.002854  0.002855  0.002856  0.002840  0.985748  0.002846
0.002030  0.002030  0.002031  0.002017  0.989870  0.002023
0.002514  0.002514  0.002516  0.002498  0.987452  0.002507
0.002080  0.002080  0.002081  0.002067  0.989620  0.002073
0.002372  0.002373  0.002374  0.002357  0.988159  0.002365
0.002132  0.002132  0.002133  0.002119  0.989358  0.002125
0.002373  0.654160  0.002374  0.002361  0.336366  0.002366
0.002031  0.002030  0.002030  0.002018  0.989868  0.002024
0.127139  0.002080  0.002081  0.002067  0.864560  0.002073
0.002080  0.467638  0.002082  0.002067  0.524060  0.002074
0.002080  0.731804  0.259893  0.002069  0.002081  0.002074
0.127056  0.002133  0.002133  0.002119  0.864433  0.002125
0.002080  0.002080  0.619303  0.002066  0.372397  0.002073
0.002373  0.002373  0.605289  0.002357  0.385242  0.002365
0.002030  0.589151  0.002031  0.002023  0.402742  0.002024
0.002030  0.002030  0.002030  0.002019  0.989869  0.002023
0.312794  0.002032  0.002031  0.002022  0.679098  0.002023
0.002191  0.914908  0.002191  0.002179  0.076348  0.002182
0.002031  0.430300  0.002031  0.002017  0.561597  0.002023
0.002032  0.002030  0.989862  0.002022  0.002031  0.002023
0.002080  0.594697  0.002081  0.002073  0.396995  0.002073
0.002031  0.203993  0.002032  0.002019  0.787901  0.002024
0.002031  0.583045  0.408851  0.002018  0.002031  0.002024
0.002080  0.002080  0.989620  0.002066  0.002080  0.002073
0.002080  0.312718  0.678982  0.002066  0.002080  0.002073
0.002030  0.002030  0.989870  0.002016  0.002030  0.002023
0.002030  0.989870  0.002031  0.002016  0.002030  0.002023
0.002080  0.456426  0.002082  0.002067  0.535271  0.002074
0.194703  0.309936  0.489290  0.002017  0.002030  0.002023
0.002081  0.002081  0.444433  0.002067  0.547265  0.002073
0.002134  0.520046  0.002134  0.002120  0.471440  0.002126
0.002190  0.454557  0.536709  0.002175  0.002189  0.002180
0.004322  0.362316  0.620440  0.004293  0.004320  0.004308
0.157509  0.002031  0.834387  0.002018  0.002031  0.002024
0.359587  0.002189  0.631681  0.002174  0.002189  0.002181
0.002030  0.283677  0.708223  0.002017  0.002030  0.002023
0.002030  0.283677  0.708223  0.002017  0.002030  0.002023
0.175039  0.002134  0.816448  0.002120  0.002133  0.002126
0.002190  0.572955  0.418310  0.002175  0.002189  0.002181
0.002082  0.482204  0.002081  0.002068  0.509491  0.002074
0.002081  0.217411  0.774286  0.002069  0.002080  0.002073
0.002080  0.002080  0.989620  0.002066  0.002080  0.002073
0.002030  0.283677  0.708223  0.002017  0.002030  0.002023
0.002133  0.002133  0.989358  0.002118  0.002133  0.002125
0.563238  0.002133  0.002134  0.002119  0.428250  0.002126
0.002080  0.002080  0.989620  0.002066  0.002080  0.002073
0.002034  0.002033  0.002034  0.002023  0.002034  0.989842
0.002081  0.002081  0.299504  0.002078  0.692169  0.002087
0.002444  0.002447  0.506161  0.002435  0.002445  0.484068
0.002033  0.002033  0.002034  0.002023  0.002034  0.989843
0.181080  0.002134  0.002135  0.002120  0.810404  0.002126
0.002030  0.989870  0.002031  0.002016  0.002030  0.002023
0.002031  0.583045  0.408851  0.002018  0.002031  0.002024
0.002595  0.653064  0.002595  0.002584  0.002593  0.336570
0.002031  0.002031  0.989867  0.002018  0.002031  0.002023
0.582852  0.409045  0.002031  0.002017  0.002031  0.002023
0.002133  0.342889  0.648601  0.002119  0.002133  0.002125
0.752113  0.002030  0.002031  0.002017  0.239786  0.002024
0.433037  0.002134  0.002134  0.002119  0.558449  0.002126
0.582852  0.409045  0.002031  0.002017  0.002031  0.002023
0.988478  0.002310  0.002310  0.002293  0.002310  0.002300
0.524464  0.002079  0.002080  0.002067  0.467237  0.002073
0.435823  0.002132  0.002133  0.002119  0.555668  0.002125
0.494095  0.002031  0.002031  0.002017  0.497802  0.002024
0.002081  0.989618  0.002080  0.002067  0.002080  0.002073
0.989355  0.002133  0.002134  0.002119  0.002133  0.002125
0.002031  0.002031  0.989867  0.002018  0.002031  0.002023
0.288962  0.702524  0.002135  0.002120  0.002134  0.002126
0.002082  0.002081  0.989616  0.002068  0.002081  0.002073
0.002031  0.406490  0.585407  0.002018  0.002031  0.002023
0.313101  0.002189  0.002190  0.002174  0.678164  0.002181
0.989617  0.002081  0.002081  0.002067  0.002081  0.002073
0.002188  0.989081  0.002189  0.002174  0.002188  0.002181
0.002030  0.002030  0.989870  0.002016  0.002030  0.002023
0.002030  0.283677  0.708223  0.002017  0.002030  0.002023
0.002030  0.002030  0.635474  0.002017  0.356426  0.002023
0.002134  0.580241  0.411245  0.002120  0.002133  0.002126
0.002030  0.456779  0.002032  0.002017  0.535119  0.002024
0.002030  0.002030  0.989870  0.002016  0.002030  0.002023
0.002030  0.002030  0.989866  0.002021  0.002030  0.002023
0.002132  0.002132  0.002134  0.002118  0.989358  0.002126
0.002031  0.295150  0.696745  0.002020  0.002031  0.002023
0.002188  0.002188  0.989081  0.002173  0.002188  0.002181
0.002133  0.281489  0.710001  0.002119  0.002133  0.002125
0.002080  0.002080  0.619303  0.002066  0.372397  0.002073
0.002030  0.002030  0.635474  0.002017  0.356426  0.002023
0.002132  0.002132  0.002134  0.002118  0.989358  0.002125
0.002029  0.002030  0.002031  0.002016  0.989870  0.002023
0.002134  0.347042  0.644442  0.002123  0.002133  0.002125
0.002081  0.375471  0.616220  0.002074  0.002081  0.002073
0.002078  0.002080  0.002080  0.002074  0.002079  0.989609
0.002029  0.002031  0.002030  0.002024  0.002030  0.989856
0.002032  0.002031  0.002031  0.002026  0.002032  0.989849
0.002029  0.002028  0.002029  0.002027  0.002029  0.989857
0.002082  0.002082  0.002083  0.002073  0.002083  0.989597
0.002441  0.002441  0.002443  0.002433  0.002441  0.987800
0.002956  0.002955  0.002957  0.002946  0.002958  0.985227
0.002245  0.002247  0.002246  0.002240  0.002245  0.988778
0.002310  0.002312  0.002311  0.002300  0.002309  0.988458
0.002080  0.002082  0.002081  0.002073  0.002080  0.989605
0.988787  0.002247  0.002248  0.002232  0.002247  0.002239
0.580346  0.411549  0.002032  0.002020  0.002031  0.002024
0.148899  0.842993  0.002032  0.002018  0.002032  0.002024
0.249367  0.185490  0.558759  0.002124  0.002133  0.002126
0.216490  0.002081  0.355422  0.002067  0.421868  0.002073
0.853100  0.138797  0.002030  0.002019  0.002030  0.002023
0.504248  0.487646  0.002032  0.002020  0.002031  0.002024
0.002030  0.283677  0.708223  0.002017  0.002030  0.002023
0.002030  0.002030  0.989870  0.002016  0.002030  0.002023
0.002030  0.002030  0.989870  0.002016  0.002030  0.002023
0.002030  0.002030  0.989870  0.002016  0.002030  0.002023
0.002030  0.002030  0.989870  0.002016  0.002030  0.002023
0.002674  0.002675  0.986654  0.002656  0.002676  0.002665
0.193930  0.002030  0.797970  0.002017  0.002030  0.002023
0.002080  0.989619  0.002081  0.002067  0.002080  0.002073
0.002031  0.583045  0.408851  0.002018  0.002031  0.002024
0.002030  0.283677  0.708223  0.002017  0.002030  0.002023
0.286565  0.705329  0.002031  0.002022  0.002030  0.002023
0.989607  0.002083  0.002084  0.002068  0.002083  0.002075
0.235928  0.002030  0.755968  0.002021  0.002030  0.002023
0.002081  0.575766  0.415930  0.002068  0.002081  0.002074
0.002030  0.731686  0.260211  0.002019  0.002031  0.002024
0.002039  0.989856  0.002030  0.002022  0.002030  0.002023
0.002080  0.002080  0.989621  0.002066  0.002080  0.002073
0.002133  0.281489  0.710001  0.002119  0.002133  0.002125
0.194703  0.309936  0.489290  0.002017  0.002030  0.002023
0.111214  0.880485  0.002081  0.002067  0.002080  0.002073
0.003445  0.003440  0.003443  0.003438  0.582684  0.403550
0.002030  0.002030  0.558323  0.002024  0.002032  0.433561
0.002030  0.989869  0.002031  0.002017  0.002030  0.002023
0.003068  0.003067  0.003068  0.003053  0.687016  0.300730
0.002031  0.406490  0.585407  0.002018  0.002031  0.002023
0.002082  0.002081  0.989616  0.002068  0.002081  0.002073
0.002031  0.406490  0.585407  0.002018  0.002031  0.002023
0.989857  0.002032  0.002033  0.002021  0.002032  0.002025
0.002081  0.407011  0.584686  0.002067  0.002081  0.002073
0.298260  0.693636  0.002032  0.002018  0.002031  0.002024
0.002187  0.002187  0.002188  0.002181  0.002188  0.989069
0.117075  0.873180  0.002443  0.002427  0.002442  0.002434
0.197710  0.002189  0.793557  0.002174  0.002189  0.002181
0.002031  0.484427  0.002031  0.002021  0.507465  0.002024
0.002133  0.002133  0.989357  0.002118  0.002133  0.002125
0.562374  0.002080  0.002081  0.002067  0.429324  0.002073
0.757354  0.234345  0.002081  0.002067  0.002080  0.002073
0.002762  0.002763  0.986216  0.002743  0.002763  0.002753
0.002374  0.346401  0.644130  0.002357  0.002373  0.002364
0.003088  0.003064  0.003062  0.003061  0.003060  0.984664
0.002246  0.002246  0.002247  0.002231  0.988790  0.002239
0.002188  0.420249  0.571015  0.002178  0.002189  0.002181
0.118334  0.873565  0.002031  0.002017  0.002030  0.002023
0.641783  0.349006  0.002310  0.002293  0.002308  0.002300
0.329261  0.661770  0.002248  0.002234  0.002248  0.002239
