0.990165  0.004664  0.005171
0.990342  0.004557  0.005101
0.005165  0.004583  0.990252
0.990146  0.004649  0.005205
0.990096  0.004678  0.005227
0.990456  0.004543  0.005002
0.990207  0.004650  0.005143
0.990490  0.004538  0.004973
0.989949  0.004754  0.005297
0.990223  0.004653  0.005124
0.990342  0.004557  0.005101
0.990167  0.004667  0.005166
0.833279  0.004550  0.162171
0.990428  0.004553  0.005019
0.989758  0.004866  0.005375
0.990428  0.004553  0.005019
0.990231  0.004651  0.005118
0.989479  0.004992  0.005529
0.569346  0.004549  0.426105
0.007038  0.986796  0.006166
0.990408  0.004544  0.005048
0.885009  0.109741  0.005249
0.005411  0.004791  0.989799
0.960068  0.034686  0.005246
0.987660  0.005775  0.006565
0.005156  0.004575  0.990269
0.990405  0.004529  0.005066
0.990388  0.004547  0.005064
0.990092  0.004661  0.005247
0.990480  0.004503  0.005017
0.990077  0.004671  0.005252
0.005144  0.004556  0.990299
0.990405  0.004529  0.005066
0.990338  0.004541  0.005121
0.990167  0.004662  0.005171
0.990407  0.004522  0.005072
0.989876  0.004768  0.005356
0.989608  0.004892  0.005500
0.005399  0.004759  0.989842
0.990102  0.004671  0.005227
0.988118  0.005633  0.006250
0.989857  0.004770  0.005374
0.990157  0.004650  0.005194
0.990408  0.004544  0.005048
0.989612  0.004893  0.005495
0.990151  0.004680  0.005169
0.989036  0.005160  0.005803
0.990100  0.004667  0.005234
0.519573  0.004552  0.475876
0.990408  0.004544  0.005048
0.990410  0.004537  0.005054
0.990391  0.004563  0.005046
0.990342  0.004557  0.005101
0.990408  0.004544  0.005048
0.990408  0.004544  0.005048
0.006520  0.412181  0.581299
0.007334  0.492620  0.500046
0.011842  0.975829  0.012329
0.005148  0.004545  0.990307
0.005282  0.004672  0.990046
0.462190  0.532233  0.005577
0.717064  0.277042  0.005894
0.006184  0.987709  0.006107
0.494299  0.004544  0.501157
0.990405  0.004529  0.005066
0.481550  0.004536  0.513913
0.989877  0.004760  0.005363
0.005193  0.004656  0.990151
0.988215  0.005629  0.006156
0.989661  0.004895  0.005444
0.006856  0.006233  0.986911
0.654737  0.004567  0.340695
0.986384  0.006452  0.007164
0.005001  0.004529  0.990470
0.005200  0.004569  0.990231
0.990471  0.004532  0.004998
0.654737  0.004567  0.340695
0.006831  0.329405  0.663764
0.989652  0.004912  0.005436
0.989843  0.004803  0.005354
0.990405  0.004529  0.005066
0.988720  0.005288  0.005992
0.005156  0.004575  0.990269
0.489958  0.004573  0.505470
0.005300  0.004754  0.989947
0.005148  0.004545  0.990307
0.005154  0.004554  0.990292
0.005309  0.004744  0.989947
0.990390  0.004540  0.005070
0.005067  0.004551  0.990382
0.005067  0.004551  0.990382
0.005751  0.005202  0.989047
0.007087  0.006495  0.986418
0.990408  0.004544  0.005048
0.006455  0.005877  0.987668
0.005323  0.004779  0.989898
0.005297  0.004691  0.990012
0.005183  0.004671  0.990146
0.005069  0.004572  0.990359
0.005417  0.004801  0.989782
0.408365  0.004623  0.587012
0.005067  0.004551  0.990382
0.005169  0.004572  0.990260
0.005069  0.004572  0.990359
0.990371  0.004573  0.005056
0.989673  0.004869  0.005459
0.990408  0.004544  0.005048
0.990342  0.004557  0.005101
0.990342  0.004557  0.005101
0.005169  0.004572  0.990260
0.005178  0.004543  0.990279
0.990408  0.004544  0.005048
0.990408  0.004544  0.005048
0.005124  0.004546  0.990330
0.005392  0.004750  0.989858
0.005436  0.004784  0.989780
0.990168  0.004661  0.005171
0.005163  0.004562  0.990275
0.990408  0.004544  0.005048
0.559288  0.004588  0.436124
0.005563  0.988718  0.005719
0.007118  0.985171  0.007711
0.005199  0.989478  0.005324
0.990342  0.004557  0.005101
0.007841  0.984647  0.007511
0.007617  0.984672  0.007711
0.006317  0.987188  0.006496
0.005473  0.989007  0.005520
0.990324  0.004576  0.005100
0.990410  0.004537  0.005054
0.989391  0.005035  0.005574
0.984422  0.007422  0.008155
0.990432  0.004527  0.005042
0.989372  0.005001  0.005627
0.005198  0.004560  0.990242
0.990324  0.004576  0.005100
0.990151  0.004674  0.005175
0.990342  0.004557  0.005101
0.609495  0.004777  0.385729
0.990453  0.004550  0.004996
0.990324  0.004576  0.005100
0.990342  0.004557  0.005101
0.990408  0.004544  0.005048
0.990342  0.004557  0.005101
0.990408  0.004544  0.005048
0.990343  0.004549  0.005108
0.989906  0.004766  0.005328
0.990408  0.004544  0.005048
0.990405  0.004529  0.005066
0.990408  0.004544  0.005048
0.006050  0.005349  0.988601
0.990408  0.004544  0.005048
0.484751  0.004745  0.510504
0.990391  0.004563  0.005046
0.990370  0.004555  0.005076
0.005158  0.117124  0.877719
0.990150  0.004681  0.005169
0.005871  0.988316  0.005813
0.990388  0.004547  0.005064
0.005326  0.004660  0.990013
0.719603  0.004534  0.275864
0.990390  0.004540  0.005070
0.990391  0.004533  0.005076
0.990405  0.004529  0.005066
0.005080  0.004558  0.990361
0.987629  0.005846  0.006525
0.005415  0.004785  0.989800
0.989857  0.004770  0.005374
0.990420  0.004529  0.005050
0.989099  0.005156  0.005745
0.989949  0.004754  0.005297
0.990172  0.004657  0.005171
0.005049  0.004525  0.990426
0.005399  0.004759  0.989842
0.007019  0.006422  0.986559
0.005054  0.004534  0.990412
0.006262  0.005652  0.988085
0.005179  0.004638  0.990182
0.005892  0.005310  0.988798
0.005315  0.004771  0.989914
0.312330  0.005349  0.682322
0.005069  0.004572  0.990359
0.005185  0.004659  0.990156
0.628192  0.004668  0.367140
0.519002  0.004670  0.476328
0.005299  0.004747  0.989954
0.005287  0.004671  0.990042
0.006014  0.005316  0.988670
0.005013  0.004511  0.990476
0.005020  0.004519  0.990461
0.005074  0.004515  0.990412
0.264038  0.004869  0.731093
0.601941  0.004550  0.393509
0.990377  0.004531  0.005091
0.005126  0.004608  0.990266
0.005115  0.004538  0.990346
0.990391  0.004563  0.005046
0.990098  0.004675  0.005227
0.990175  0.004647  0.005179
0.990342  0.004557  0.005101
0.990471  0.004532  0.004998
0.654059  0.004682  0.341260
0.990410  0.004537  0.005054
0.005282  0.004667  0.990051
0.628348  0.004796  0.366856
0.989674  0.004858  0.005467
0.979636  0.009759  0.010604
0.990324  0.004576  0.005100
0.989585  0.004902  0.005513
0.990408  0.004544  0.005048
0.990408  0.004544  0.005048
0.989858  0.004788  0.005354
0.989685  0.004888  0.005428
0.602130  0.004670  0.393200
0.990205  0.004651  0.005144
0.990098  0.004675  0.005227
0.990408  0.004544  0.005048
0.989857  0.004770  0.005374
0.005416  0.004795  0.989788
0.990105  0.004660  0.005235
0.005573  0.988793  0.005634
0.005270  0.025632  0.969098
0.566743  0.426976  0.006281
0.005469  0.989008  0.005523
0.005419  0.004765  0.989815
0.990471  0.004532  0.004998
0.990391  0.004563  0.005046
0.674432  0.319127  0.006441
0.990338  0.004541  0.005121
0.990390  0.004540  0.005070
0.989931  0.004756  0.005314
0.005159  0.004574  0.990267
0.005422  0.004799  0.989779
0.990390  0.004540  0.005070
0.989034  0.005128  0.005838
0.005159  0.004635  0.990206
0.005297  0.004725  0.989977
0.005165  0.004583  0.990252
0.990221  0.004637  0.005142
0.989841  0.004769  0.005389
0.990338  0.004541  0.005121
0.989918  0.004758  0.005323
0.990100  0.004644  0.005256
0.990405  0.004529  0.005066
0.005555  0.004901  0.989544
0.990092  0.004661  0.005247
0.989735  0.004879  0.005386
0.990342  0.004557  0.005101
0.990408  0.004544  0.005048
0.005169  0.004572  0.990260
0.989931  0.004774  0.005295
0.654737  0.004567  0.340695
0.990342  0.004557  0.005101
0.990386  0.004570  0.005044
0.005323  0.004778  0.989899
0.990427  0.004535  0.005038
0.989576  0.004926  0.005498
0.989949  0.004754  0.005297
0.005287  0.004671  0.990042
0.005169  0.004572  0.990260
0.005323  0.004762  0.989915
0.005067  0.004551  0.990382
0.989951  0.004746  0.005303
0.990192  0.004643  0.005164
0.005135  0.989845  0.005020
0.005046  0.989952  0.005001
0.005160  0.989656  0.005184
0.004942  0.990125  0.004934
0.005415  0.989126  0.005459
0.006073  0.987931  0.005996
0.007368  0.985159  0.007473
0.005545  0.989039  0.005417
0.006096  0.988037  0.005867
0.005258  0.989626  0.005116
0.989335  0.005005  0.005660
0.990414  0.004562  0.005025
0.737665  0.004561  0.257774
0.989966  0.004786  0.005248
0.005281  0.004661  0.990058
0.990413  0.004539  0.005048
0.990418  0.004547  0.005034
0.990408  0.004544  0.005048
0.990342  0.004557  0.005101
0.990342  0.004557  0.005101
0.990342  0.004557  0.005101
0.990342  0.004557  0.005101
0.006802  0.005970  0.987228
0.990343  0.004549  0.005108
0.990238  0.004618  0.005144
0.990391  0.004563  0.005046
0.990408  0.004544  0.005048
0.990480  0.004535  0.004986
0.990096  0.004682  0.005222
0.990388  0.004562  0.005050
0.990167  0.004667  0.005166
0.519573  0.004552  0.475876
0.650207  0.004519  0.345275
0.990116  0.004660  0.005224
0.989949  0.004754  0.005297
0.990410  0.004537  0.005054
0.990242  0.004626  0.005132
0.008765  0.375255  0.615980
0.005137  0.426092  0.568771
0.990469  0.004517  0.005015
0.007774  0.275518  0.716708
0.990405  0.004529  0.005066
0.990100  0.004644  0.005256
0.990405  0.004529  0.005066
0.990377  0.004559  0.005064
0.990165  0.004646  0.005190
0.990388  0.004547  0.005064
0.005364  0.989298  0.005338
0.988563  0.005438  0.006000
0.989611  0.004887  0.005502
0.005095  0.004570  0.990335
0.989865  0.004766  0.005370
0.005282  0.004676  0.990042
0.990171  0.004627  0.005202
0.986896  0.006179  0.006925
0.988846  0.005251  0.005903
0.007786  0.984697  0.007517
0.005588  0.005011  0.989401
0.005599  0.004919  0.989482
0.990472  0.004524  0.005003
0.989100  0.005140  0.005760
0.723836  0.005003  0.271161
