0.003321  0.990109  0.003333  0.003236
0.003247  0.990359  0.003236  0.003157
0.615417  0.003260  0.378157  0.003165
0.003324  0.990130  0.003315  0.003231
0.003328  0.990102  0.003331  0.003239
0.003236  0.611445  0.382162  0.003156
0.003317  0.990137  0.003315  0.003231
0.003243  0.821208  0.172390  0.003158
0.003404  0.989883  0.003402  0.003310
0.003315  0.990123  0.003329  0.003233
0.003247  0.990359  0.003236  0.003157
0.003322  0.990116  0.003326  0.003236
0.003238  0.720128  0.273478  0.003156
0.003238  0.990362  0.003242  0.003158
0.003485  0.989628  0.003493  0.003394
0.003238  0.990362  0.003242  0.003158
0.003322  0.003343  0.990101  0.003235
0.003588  0.003608  0.989318  0.003485
0.003245  0.477280  0.516318  0.003157
0.003580  0.003612  0.344276  0.648532
0.003241  0.990366  0.003238  0.003155
0.003399  0.541463  0.359155  0.095983
0.648777  0.003424  0.344479  0.003320
0.003402  0.003423  0.989791  0.003384
0.004150  0.004157  0.987668  0.004026
0.622646  0.370947  0.003245  0.003162
0.003245  0.990363  0.003240  0.003151
0.003246  0.990351  0.003246  0.003157
0.003333  0.990099  0.003333  0.003235
0.003238  0.821466  0.172150  0.003147
0.003333  0.679528  0.313902  0.003237
0.373186  0.003250  0.620407  0.003157
0.003245  0.990363  0.003240  0.003151
0.003252  0.990356  0.003238  0.003154
0.003321  0.990128  0.003318  0.003234
0.003246  0.739181  0.254421  0.003152
0.003415  0.989871  0.003401  0.003313
0.003502  0.989610  0.003489  0.003399
0.705106  0.288178  0.003403  0.003313
0.003327  0.990121  0.003316  0.003236
0.004014  0.745062  0.247013  0.003911
0.003414  0.989874  0.003399  0.003313
0.003324  0.990131  0.003314  0.003231
0.003241  0.990366  0.003238  0.003155
0.003503  0.989608  0.003489  0.003400
0.003321  0.990115  0.003325  0.003239
0.003696  0.763031  0.229686  0.003588
0.003328  0.791566  0.201870  0.003236
0.370520  0.623083  0.003241  0.003156
0.003241  0.990366  0.003238  0.003155
0.003242  0.764404  0.229200  0.003155
0.003241  0.990354  0.003245  0.003160
0.003247  0.990359  0.003236  0.003157
0.003241  0.990366  0.003238  0.003155
0.003241  0.990366  0.003238  0.003155
0.004208  0.004176  0.503899  0.487717
0.536504  0.004719  0.004709  0.454068
0.007072  0.007036  0.006971  0.978921
0.699148  0.003261  0.294432  0.003159
0.606585  0.386860  0.003319  0.003236
0.003574  0.003593  0.497300  0.495533
0.003804  0.003825  0.699381  0.292991
0.003997  0.004017  0.003991  0.987995
0.392564  0.601046  0.003234  0.003155
0.003245  0.990363  0.003240  0.003151
0.418137  0.575468  0.003242  0.003153
0.003415  0.768126  0.225145  0.003313
0.990126  0.003330  0.003311  0.003233
0.004002  0.988076  0.004013  0.003908
0.003493  0.989615  0.003492  0.003400
0.986874  0.004418  0.004402  0.004306
0.251978  0.741623  0.003239  0.003160
0.004571  0.986431  0.004548  0.004451
0.990385  0.003241  0.003223  0.003152
0.523565  0.470039  0.003238  0.003158
0.003235  0.990373  0.003240  0.003152
0.251978  0.741623  0.003239  0.003160
0.676324  0.004413  0.004383  0.314880
0.003493  0.989615  0.003490  0.003403
0.003412  0.989858  0.003408  0.003322
0.003245  0.990363  0.003240  0.003151
0.003802  0.719898  0.272615  0.003685
0.622646  0.370947  0.003245  0.003162
0.786897  0.206687  0.003255  0.003161
0.633738  0.003411  0.359540  0.003312
0.699148  0.003261  0.294432  0.003159
0.604909  0.388695  0.003239  0.003157
0.989887  0.003412  0.003393  0.003309
0.003246  0.628961  0.364637  0.003156
0.990361  0.003250  0.003231  0.003157
0.990361  0.003250  0.003231  0.003157
0.989040  0.003694  0.003671  0.003596
0.986431  0.004565  0.004543  0.004460
0.003241  0.990366  0.003238  0.003155
0.987680  0.004146  0.004129  0.004045
0.989876  0.003414  0.003395  0.003316
0.470818  0.522626  0.003317  0.003240
0.990114  0.003329  0.003318  0.003238
0.990352  0.003250  0.003237  0.003162
0.598873  0.394397  0.003408  0.003321
0.990356  0.003242  0.003245  0.003157
0.990361  0.003250  0.003231  0.003157
0.469064  0.524538  0.003237  0.003160
0.990352  0.003250  0.003237  0.003162
0.003253  0.672419  0.321163  0.003164
0.003495  0.989619  0.003492  0.003394
0.003241  0.990366  0.003238  0.003155
0.003247  0.990359  0.003236  0.003157
0.003247  0.990359  0.003236  0.003157
0.469064  0.524538  0.003237  0.003160
0.654016  0.003262  0.339565  0.003157
0.003241  0.990366  0.003238  0.003155
0.003241  0.990366  0.003238  0.003155
0.546794  0.003258  0.446788  0.003160
0.725456  0.003425  0.267807  0.003313
0.462172  0.531111  0.003401  0.003316
0.003321  0.990128  0.003318  0.003234
0.676706  0.003263  0.316868  0.003163
0.003241  0.990366  0.003238  0.003155
0.707460  0.286123  0.003254  0.003163
0.003617  0.003593  0.003576  0.989215
0.004658  0.004575  0.004545  0.986222
0.003419  0.003399  0.003381  0.989801
0.003247  0.990359  0.003236  0.003157
0.004879  0.004933  0.004911  0.985276
0.004775  0.004767  0.004731  0.985727
0.004162  0.004130  0.004112  0.987596
0.003368  0.003366  0.003348  0.989918
0.003248  0.990347  0.003243  0.003163
0.003242  0.764404  0.229200  0.003155
0.003586  0.989329  0.003591  0.003494
0.005264  0.984335  0.005260  0.005140
0.003242  0.990368  0.003238  0.003151
0.003593  0.753025  0.239894  0.003487
0.003251  0.645199  0.348392  0.003158
0.003248  0.990347  0.003243  0.003163
0.003322  0.665027  0.328413  0.003238
0.003247  0.990359  0.003236  0.003157
0.294819  0.698463  0.003403  0.003315
0.003235  0.990360  0.003247  0.003157
0.003248  0.990347  0.003243  0.003163
0.003247  0.990359  0.003236  0.003157
0.003241  0.990366  0.003238  0.003155
0.003247  0.990359  0.003236  0.003157
0.003241  0.990366  0.003238  0.003155
0.003248  0.792911  0.200684  0.003157
0.003411  0.989877  0.003399  0.003313
0.003241  0.990366  0.003238  0.003155
0.003245  0.990363  0.003240  0.003151
0.003241  0.990366  0.003238  0.003155
0.533732  0.458780  0.003792  0.003696
0.003241  0.990366  0.003238  0.003155
0.003411  0.612235  0.381043  0.003311
0.003241  0.990354  0.003245  0.003160
0.003244  0.990364  0.003235  0.003157
0.475483  0.409024  0.003245  0.112248
0.003321  0.990115  0.003325  0.003239
0.003784  0.003795  0.003780  0.988640
0.003246  0.990351  0.003246  0.003157
0.003332  0.003338  0.990096  0.003234
0.003244  0.507927  0.485674  0.003155
0.003246  0.628961  0.364637  0.003156
0.003244  0.003254  0.990348  0.003153
0.003245  0.990363  0.003240  0.003151
0.738437  0.003244  0.255165  0.003155
0.004149  0.987675  0.004137  0.004039
0.643413  0.003427  0.349839  0.003321
0.003414  0.989874  0.003399  0.003313
0.003240  0.848386  0.145222  0.003152
0.003686  0.989050  0.003680  0.003584
0.003404  0.989883  0.003402  0.003310
0.003321  0.990129  0.003318  0.003233
0.866082  0.003246  0.127520  0.003152
0.705106  0.288178  0.003403  0.003313
0.986398  0.004558  0.004596  0.004447
0.990370  0.003247  0.003230  0.003153
0.988063  0.004025  0.003998  0.003914
0.990135  0.003327  0.003310  0.003229
0.988748  0.003795  0.003770  0.003688
0.989880  0.003413  0.003393  0.003314
0.598411  0.394105  0.003789  0.003695
0.990352  0.003250  0.003237  0.003162
0.856299  0.003328  0.137137  0.003236
0.256371  0.737072  0.003321  0.003236
0.371055  0.622389  0.003321  0.003235
0.869053  0.003410  0.124227  0.003310
0.480450  0.512995  0.003319  0.003236
0.599317  0.393207  0.003786  0.003690
0.990286  0.003284  0.003264  0.003166
0.990344  0.003243  0.003262  0.003151
0.465026  0.003251  0.528569  0.003154
0.627041  0.366064  0.003501  0.003394
0.319410  0.674193  0.003241  0.003156
0.003248  0.990365  0.003235  0.003152
0.990045  0.003365  0.003348  0.003242
0.783364  0.210190  0.003288  0.003158
0.003241  0.990354  0.003245  0.003160
0.003327  0.990120  0.003316  0.003236
0.003321  0.990128  0.003320  0.003230
0.003247  0.990359  0.003236  0.003157
0.003235  0.990373  0.003240  0.003152
0.252607  0.740835  0.003319  0.003239
0.003242  0.764404  0.229200  0.003155
0.606305  0.387141  0.003319  0.003235
0.354223  0.003425  0.639032  0.003320
0.003498  0.989606  0.003503  0.003392
0.006876  0.979479  0.006911  0.006734
0.003248  0.990347  0.003243  0.003163
0.003503  0.989590  0.003504  0.003403
0.003241  0.990366  0.003238  0.003155
0.003241  0.990366  0.003238  0.003155
0.003412  0.989862  0.003407  0.003319
0.003493  0.989607  0.003499  0.003400
0.459866  0.003342  0.533555  0.003237
0.003326  0.620366  0.373074  0.003234
0.003327  0.990120  0.003316  0.003236
0.003241  0.990366  0.003238  0.003155
0.003414  0.989874  0.003399  0.003313
0.626691  0.366570  0.003419  0.003321
0.003328  0.990121  0.003318  0.003233
0.003308  0.003305  0.003287  0.990099
0.768279  0.224933  0.003323  0.003464
0.003942  0.003924  0.572133  0.420001
0.003300  0.003297  0.003280  0.990124
0.597878  0.395406  0.003403  0.003313
0.003235  0.990373  0.003240  0.003152
0.003241  0.990354  0.003245  0.003160
0.004142  0.004162  0.690261  0.301435
0.003252  0.990356  0.003238  0.003154
0.003246  0.628961  0.364637  0.003156
0.003407  0.989881  0.003402  0.003310
0.338615  0.003252  0.654972  0.003161
0.501985  0.491274  0.003419  0.003322
0.003246  0.628961  0.364637  0.003156
0.989018  0.003702  0.003698  0.003582
0.584155  0.003320  0.409296  0.003229
0.654833  0.003406  0.338455  0.003306
0.615417  0.003260  0.378157  0.003165
0.003319  0.990120  0.003331  0.003230
0.003417  0.989848  0.003420  0.003315
0.003252  0.990356  0.003238  0.003154
0.003411  0.989863  0.003414  0.003312
0.003332  0.990118  0.003320  0.003230
0.003245  0.990363  0.003240  0.003151
0.610698  0.382400  0.003500  0.003402
0.003333  0.990099  0.003333  0.003235
0.003485  0.989624  0.003495  0.003396
0.003247  0.990359  0.003236  0.003157
0.003241  0.990366  0.003238  0.003155
0.469064  0.524538  0.003237  0.003160
0.003405  0.989870  0.003410  0.003316
0.251978  0.741623  0.003239  0.003160
0.003247  0.990359  0.003236  0.003157
0.475624  0.517928  0.003281  0.003168
0.989876  0.003414  0.003395  0.003316
0.003254  0.827647  0.165941  0.003158
0.003500  0.989607  0.003487  0.003406
0.003404  0.989883  0.003402  0.003310
0.480450  0.512995  0.003319  0.003236
0.469064  0.524538  0.003237  0.003160
0.989878  0.003415  0.003395  0.003313
0.990361  0.003250  0.003231  0.003157
0.209877  0.783352  0.003451  0.003319
0.003322  0.990130  0.003318  0.003230
0.003301  0.003325  0.003313  0.990060
0.003242  0.003249  0.003239  0.990270
0.003265  0.003262  0.003260  0.990213
0.003239  0.003228  0.003236  0.990297
0.003362  0.003359  0.003342  0.989936
0.003890  0.003910  0.003885  0.988315
0.004746  0.004735  0.004720  0.985799
0.003566  0.003591  0.003575  0.989268
0.003704  0.003737  0.003728  0.988831
0.003316  0.003342  0.003326  0.990016
0.003592  0.003597  0.989329  0.003483
0.003246  0.429176  0.564417  0.003161
0.003244  0.753640  0.239958  0.003159
0.003413  0.354951  0.638315  0.003321
0.644369  0.003342  0.349051  0.003238
0.003241  0.003249  0.990358  0.003151
0.003247  0.619350  0.374247  0.003157
0.003241  0.990366  0.003238  0.003155
0.003247  0.990359  0.003236  0.003157
0.003247  0.990359  0.003236  0.003157
0.003247  0.990359  0.003236  0.003157
0.003247  0.990359  0.003236  0.003157
0.004281  0.987305  0.004265  0.004149
0.003248  0.792911  0.200684  0.003157
0.003319  0.990133  0.003324  0.003224
0.003241  0.990354  0.003245  0.003160
0.003241  0.990366  0.003238  0.003155
0.003241  0.586944  0.406661  0.003154
0.003330  0.412450  0.580981  0.003239
0.003255  0.400306  0.593278  0.003162
0.003322  0.990116  0.003326  0.003236
0.370520  0.623083  0.003241  0.003156
0.003240  0.286650  0.706956  0.003154
0.003328  0.990122  0.003317  0.003233
0.003404  0.989883  0.003402  0.003310
0.003242  0.764404  0.229200  0.003155
0.003316  0.671984  0.321473  0.003228
0.578553  0.005539  0.005569  0.410338
0.003299  0.003285  0.464556  0.528860
0.003239  0.990370  0.003242  0.003149
0.699053  0.004944  0.004914  0.291089
0.003245  0.990363  0.003240  0.003151
0.003332  0.990118  0.003320  0.003230
0.003245  0.990363  0.003240  0.003151
0.208146  0.003265  0.785425  0.003164
0.003325  0.990125  0.003320  0.003230
0.003246  0.990351  0.003246  0.003157
0.003487  0.003491  0.003478  0.989544
0.003890  0.618211  0.374108  0.003791
0.003504  0.766417  0.226679  0.003400
0.990240  0.003297  0.003282  0.003181
0.003412  0.989865  0.003410  0.003313
0.625340  0.368087  0.003334  0.003238
0.003328  0.003338  0.990104  0.003231
0.004421  0.986887  0.004401  0.004292
0.003789  0.988741  0.003795  0.003675
0.004811  0.004849  0.225990  0.764350
0.989329  0.003596  0.003586  0.003490
0.530437  0.462667  0.003492  0.003403
0.003236  0.728124  0.265489  0.003152
0.003691  0.003705  0.989017  0.003587
0.003588  0.473622  0.519301  0.003489
