0.000065  0.999768  0.000102  0.000065
0.000076  0.000060  0.999803  0.000060
0.000060  0.443664  0.556215  0.000060
0.000060  0.000061  0.078908  0.920971
0.000064  0.000064  0.000064  0.999807
0.000060  0.568369  0.000060  0.431510
0.000060  0.000060  0.000060  0.999819
0.000061  0.000061  0.999818  0.000061
0.000060  0.999819  0.000060  0.000060
0.000061  0.999818  0.000061  0.000061
0.999820  0.000060  0.000060  0.000060
0.000061  0.303757  0.000061  0.696122
0.000111  0.999768  0.000060  0.000060
0.000061  0.999818  0.000061  0.000061
0.000060  0.000060  0.000060  0.999819
0.000060  0.147626  0.269298  0.583015
0.000065  0.000065  0.000065  0.999805
0.000068  0.000068  0.000068  0.999796
0.000060  0.000060  0.000060  0.999819
0.000066  0.000066  0.999802  0.000066
0.000060  0.000060  0.999810  0.000070
0.000069  0.000069  0.000070  0.999792
0.999809  0.000064  0.000064  0.000064
0.000069  0.000069  0.815360  0.184503
0.066051  0.000129  0.000083  0.933737
0.000060  0.000060  0.000060  0.999820
0.000060  0.000060  0.073068  0.926812
0.000060  0.000060  0.000060  0.999820
0.000061  0.000061  0.000061  0.999816
0.000061  0.161790  0.000061  0.838088
0.000060  0.000060  0.000060  0.999819
0.000060  0.000060  0.134213  0.865667
0.000060  0.000060  0.000110  0.999770
0.000060  0.000060  0.000060  0.999819
0.000062  0.485094  0.000062  0.514781
0.092761  0.672176  0.235002  0.000061
0.000060  0.000060  0.999819  0.000060
0.000062  0.000062  0.000062  0.999813
0.000060  0.000060  0.268929  0.730950
0.000060  0.000060  0.000060  0.999820
0.000065  0.999805  0.000065  0.000065
0.000060  0.000060  0.000060  0.999819
0.000061  0.000061  0.928262  0.071616
0.999820  0.000060  0.000060  0.000060
0.000061  0.221592  0.000061  0.778287
0.000061  0.000061  0.000061  0.999818
0.000066  0.000066  0.999801  0.000066
0.000061  0.000061  0.000075  0.999802
0.000060  0.999820  0.000060  0.000060
0.999820  0.000060  0.000060  0.000060
0.000061  0.000061  0.588841  0.411037
0.000060  0.000060  0.000060  0.999820
0.000060  0.000060  0.000060  0.999820
0.000060  0.000060  0.000110  0.999770
0.000060  0.000060  0.546851  0.453029
0.000071  0.372779  0.000071  0.627079
0.000074  0.189278  0.000074  0.810574
0.000077  0.761959  0.237886  0.000077
0.000060  0.000060  0.000060  0.999820
0.000060  0.000060  0.000060  0.999819
0.000064  0.999807  0.000064  0.000064
0.000065  0.000065  0.999806  0.000065
0.237761  0.578857  0.183316  0.000066
0.000060  0.000060  0.000060  0.999819
0.000060  0.000060  0.000060  0.999820
0.101009  0.898871  0.000060  0.000060
0.000061  0.565541  0.434337  0.000061
0.000060  0.000101  0.000060  0.999778
0.000068  0.999795  0.000068  0.000068
0.000064  0.837145  0.162676  0.000115
0.999765  0.000078  0.000078  0.000078
0.000061  0.000061  0.000061  0.999818
0.000073  0.493267  0.000073  0.506587
0.000061  0.000061  0.999817  0.000061
0.000060  0.999819  0.000060  0.000060
0.000061  0.000061  0.999818  0.000061
0.000060  0.000060  0.999819  0.000060
0.000078  0.000078  0.255949  0.743895
0.000064  0.657614  0.342209  0.000114
0.061469  0.000064  0.000064  0.938404
0.135494  0.000105  0.000061  0.864340
0.999806  0.000065  0.000065  0.000065
0.000060  0.000060  0.000060  0.999819
0.000060  0.000060  0.649200  0.350680
0.235445  0.000061  0.000061  0.764432
0.000060  0.000060  0.000060  0.999819
0.000060  0.000093  0.000060  0.999786
0.000060  0.000060  0.000061  0.999819
0.000060  0.004409  0.203081  0.792450
0.000062  0.000082  0.222923  0.776933
0.000060  0.000108  0.000060  0.999772
0.000065  0.000065  0.999806  0.000065
0.000083  0.600272  0.000083  0.399563
0.000061  0.999818  0.000061  0.000061
0.000072  0.637860  0.000072  0.361996
0.000060  0.000060  0.000097  0.999783
0.000060  0.000060  0.000060  0.999819
0.000060  0.000060  0.999819  0.000060
0.000060  0.041685  0.138995  0.819260
0.000060  0.000060  0.999819  0.000060
0.000060  0.606516  0.393363  0.000060
0.000060  0.999819  0.000060  0.000060
0.000060  0.999815  0.000065  0.000060
0.000077  0.000061  0.000061  0.999802
0.000060  0.000060  0.000060  0.999819
0.000061  0.000061  0.087763  0.912116
0.044051  0.000060  0.000060  0.955829
0.000075  0.042253  0.076940  0.880732
0.000060  0.000060  0.000060  0.999819
0.000060  0.859499  0.140380  0.000060
0.000060  0.000060  0.000060  0.999819
0.000060  0.000060  0.000060  0.999820
0.000060  0.000060  0.000060  0.999819
0.000060  0.000060  0.000060  0.999820
0.000060  0.000060  0.999819  0.000060
0.000060  0.000060  0.000060  0.999819
0.000060  0.000060  0.000060  0.999819
0.000060  0.672512  0.000060  0.327368
0.000060  0.000060  0.999820  0.000060
0.000112  0.000060  0.999767  0.000060
0.000066  0.488466  0.000066  0.511402
0.000076  0.999771  0.000076  0.000076
0.000070  0.000063  0.999804  0.000063
0.000060  0.318927  0.000060  0.680952
0.000076  0.670883  0.000076  0.328964
0.000074  0.999779  0.000074  0.000074
0.224778  0.775086  0.000068  0.000068
0.000066  0.999803  0.000066  0.000066
0.999819  0.000060  0.000060  0.000060
0.000061  0.000061  0.999818  0.000061
0.000063  0.000063  0.000063  0.999812
0.000079  0.000079  0.999764  0.000079
0.000060  0.000060  0.000060  0.999819
0.000061  0.228858  0.000061  0.771019
0.000060  0.512216  0.000060  0.487664
0.000060  0.000060  0.999819  0.000060
0.000064  0.000064  0.000064  0.999809
0.000060  0.000060  0.000060  0.999819
0.000061  0.000061  0.000061  0.999818
0.000060  0.000060  0.000060  0.999819
0.000060  0.457367  0.000060  0.542512
0.000060  0.000060  0.999819  0.000060
0.000060  0.000060  0.507595  0.492285
0.000060  0.999820  0.000060  0.000060
0.000060  0.000060  0.911326  0.088554
0.000060  0.000060  0.999819  0.000060
0.000060  0.000060  0.000060  0.999819
0.000060  0.668656  0.331223  0.000060
0.000060  0.000060  0.000060  0.999819
0.000060  0.999819  0.000060  0.000060
0.000062  0.000062  0.999814  0.000062
0.000060  0.000060  0.336162  0.663718
0.000060  0.884542  0.000060  0.115337
0.000060  0.000101  0.000060  0.999779
0.000060  0.197580  0.259261  0.543098
0.233600  0.766279  0.000061  0.000061
0.000060  0.085085  0.000108  0.914746
0.000070  0.999791  0.000070  0.000070
0.234178  0.000060  0.765702  0.000060
0.000062  0.999788  0.000062  0.000089
0.000060  0.000060  0.999819  0.000060
0.000060  0.000060  0.000087  0.999793
0.245142  0.000062  0.754734  0.000062
0.000074  0.000060  0.000060  0.999806
0.000060  0.000069  0.179297  0.820573
0.000081  0.999756  0.000081  0.000081
0.000070  0.000070  0.999790  0.000070
0.000060  0.000060  0.080935  0.918945
0.000060  0.999820  0.000060  0.000060
0.000068  0.000068  0.999796  0.000068
0.000061  0.000061  0.178849  0.821029
0.999804  0.000065  0.000065  0.000065
0.000060  0.000060  0.000060  0.999819
0.000061  0.273527  0.000074  0.726339
0.000080  0.578197  0.421644  0.000080
0.000060  0.000060  0.000060  0.999819
0.000104  0.999749  0.000074  0.000074
0.000060  0.000060  0.000060  0.999819
0.000066  0.000066  0.999802  0.000066
0.000062  0.932851  0.000062  0.067025
0.000069  0.999794  0.000069  0.000069
0.000061  0.999818  0.000061  0.000061
0.000065  0.999806  0.000065  0.000065
0.000063  0.999803  0.000063  0.000071
0.000061  0.999817  0.000061  0.000061
0.000062  0.999815  0.000062  0.000062
0.000060  0.000060  0.999819  0.000060
0.000069  0.000069  0.999794  0.000069
0.000060  0.000060  0.000060  0.999819
0.000060  0.000060  0.000060  0.999820
0.000060  0.000060  0.139871  0.860008
0.000060  0.322571  0.000060  0.677309
0.000060  0.000060  0.000060  0.999820
0.000060  0.000074  0.000060  0.999806
0.000060  0.000060  0.000060  0.999820
0.000060  0.000102  0.000061  0.999778
0.999808  0.000064  0.000064  0.000064
0.000061  0.000061  0.999818  0.000061
0.000060  0.000060  0.997835  0.002045
0.000060  0.000060  0.999786  0.000094
0.000060  0.832560  0.167320  0.000060
0.000060  0.275352  0.000060  0.724528
0.000060  0.321353  0.000060  0.678527
0.000062  0.000062  0.000062  0.999814
0.000061  0.999816  0.000061  0.000061
0.000063  0.000063  0.000103  0.999771
0.000081  0.000081  0.999758  0.000081
0.000060  0.000060  0.000082  0.999797
0.000060  0.000068  0.999762  0.000109
0.999820  0.000060  0.000060  0.000060
0.000060  0.000060  0.999819  0.000060
0.000060  0.006547  0.993332  0.000060
0.000061  0.000061  0.999816  0.000061
0.000062  0.000062  0.000062  0.999815
0.000066  0.000066  0.000066  0.999803
0.000060  0.000060  0.575290  0.424590
0.000067  0.999800  0.000067  0.000067
0.999819  0.000060  0.000060  0.000060
0.000062  0.000062  0.000062  0.999814
0.000061  0.000061  0.999818  0.000061
0.000061  0.319620  0.000099  0.680220
0.000061  0.000110  0.387003  0.612826
0.000069  0.395009  0.604800  0.000122
0.000061  0.000061  0.268431  0.731448
0.000060  0.000086  0.000060  0.999794
0.000060  0.000060  0.000060  0.999819
0.000060  0.000060  0.000060  0.999820
0.000067  0.999799  0.000067  0.000067
0.999815  0.000062  0.000062  0.000062
0.999818  0.000061  0.000061  0.000061
0.000060  0.000060  0.000060  0.999819
0.000061  0.999816  0.000061  0.000061
0.000060  0.000060  0.000060  0.999819
0.999818  0.000061  0.000061  0.000061
0.000062  0.000063  0.000062  0.999813
0.151389  0.000061  0.188672  0.659879
0.000060  0.000060  0.000060  0.999819
0.000060  0.000060  0.000060  0.999819
0.000061  0.336126  0.000061  0.663752
0.000062  0.251873  0.000062  0.748003
0.000060  0.000060  0.000110  0.999770
0.000061  0.214003  0.000111  0.785825
0.000060  0.000060  0.000060  0.999820
0.000061  0.000061  0.000061  0.999818
0.000067  0.000076  0.000067  0.999789
0.000061  0.000069  0.000064  0.999806
0.000063  0.000063  0.000063  0.999811
0.000060  0.000060  0.999820  0.000060
0.000060  0.339311  0.660568  0.000060
0.000060  0.000060  0.999820  0.000060
0.000060  0.999819  0.000060  0.000060
0.000060  0.000060  0.826342  0.173537
0.000060  0.999820  0.000060  0.000060
0.000060  0.999769  0.000110  0.000060
0.000060  0.000060  0.000060  0.999819
0.000060  0.000109  0.000060  0.999771
0.000076  0.000076  0.000076  0.999771
0.000060  0.377729  0.000060  0.622150
0.000061  0.999818  0.000061  0.000061
0.000060  0.495186  0.000060  0.504694
0.000061  0.999817  0.000061  0.000061
0.000060  0.000060  0.000073  0.999807
0.000060  0.000061  0.000060  0.999819
0.000060  0.000060  0.000060  0.999820
0.000060  0.576908  0.422971  0.000060
0.000061  0.000061  0.000061  0.999816
0.000061  0.999818  0.000061  0.000061
0.000112  0.999767  0.000060  0.000060
0.000062  0.500329  0.499547  0.000062
0.000067  0.999747  0.000067  0.000119
0.000077  0.999768  0.000077  0.000077
0.000064  0.999795  0.000064  0.000078
0.000128  0.999612  0.000131  0.000129
0.000062  0.999812  0.000062  0.000063
0.000092  0.999784  0.000062  0.000062
0.000061  0.999816  0.000062  0.000061
0.000060  0.219803  0.263567  0.516570
0.000061  0.749162  0.000061  0.250717
0.000062  0.162460  0.000063  0.837415
0.000060  0.000060  0.000060  0.999820
0.000060  0.418709  0.000065  0.581166
0.000060  0.999770  0.000110  0.000060
0.000060  0.375492  0.000060  0.624388
0.000061  0.610956  0.388923  0.000061
0.000060  0.319390  0.611904  0.068646
0.000060  0.999819  0.000060  0.000060
0.000075  0.999774  0.000075  0.000075
0.000060  0.000109  0.215497  0.784334
0.000060  0.000060  0.000063  0.999816
0.000062  0.000062  0.000062  0.999813
0.000060  0.000060  0.434183  0.565696
0.000060  0.000060  0.000060  0.999819
0.000060  0.999819  0.000060  0.000060
0.000060  0.000060  0.000060  0.999819
0.000060  0.999820  0.000060  0.000060
0.000060  0.000060  0.999813  0.000066
0.000060  0.393595  0.181858  0.424487
0.000060  0.000060  0.999820  0.000060
0.000060  0.000060  0.000108  0.999772
0.000060  0.311728  0.000060  0.688152
0.000060  0.000067  0.999812  0.000060
0.000078  0.000078  0.000078  0.999765
0.000061  0.380031  0.619847  0.000061
0.000060  0.000103  0.000060  0.999777
0.000078  0.180434  0.819411  0.000078
0.000097  0.000060  0.000060  0.999783
0.000060  0.584848  0.000060  0.415031
0.000060  0.000060  0.000060  0.999819
0.000060  0.000060  0.000060  0.999820
0.000061  0.000061  0.450215  0.549663
0.000060  0.000061  0.000060  0.999819
0.000062  0.999763  0.000113  0.000062
0.999800  0.000067  0.000067  0.000067
0.000068  0.000068  0.999797  0.000068
0.999817  0.000061  0.000061  0.000061
0.000068  0.999721  0.000095  0.000116
0.000066  0.000066  0.000067  0.999801
0.000068  0.000068  0.000068  0.999796
0.000083  0.999752  0.000083  0.000083
0.000069  0.000069  0.000069  0.999794
0.000083  0.999752  0.000083  0.000083
0.003553  0.000143  0.996225  0.000079
0.000063  0.095569  0.000063  0.904305
0.000060  0.000103  0.313918  0.685919
0.999797  0.000068  0.000068  0.000068
0.999788  0.000071  0.000071  0.000071
