0.999781  0.000110  0.000109
0.999795  0.000102  0.000102
0.710459  0.000102  0.289438
0.752266  0.000103  0.247632
0.000109  0.000109  0.999782
0.000102  0.999795  0.000102
0.000102  0.999796  0.000102
0.000103  0.000103  0.999794
0.000102  0.999796  0.000102
0.294387  0.000103  0.705510
0.903705  0.096193  0.000102
0.000103  0.999795  0.000102
0.000102  0.757359  0.242539
0.999794  0.000103  0.000103
0.999795  0.000102  0.000102
0.999796  0.000102  0.000102
0.598087  0.401803  0.000110
0.999770  0.000115  0.000115
0.425761  0.000102  0.574137
0.000112  0.000111  0.999777
0.000102  0.000102  0.999797
0.999766  0.000117  0.000117
0.000108  0.999784  0.000108
0.999767  0.000116  0.000116
0.522469  0.477397  0.000134
0.405581  0.584571  0.009848
0.766769  0.233129  0.000102
0.000102  0.999796  0.000102
0.000104  0.822996  0.176900
0.436785  0.563112  0.000103
0.000102  0.999796  0.000102
0.000102  0.297968  0.701930
0.000102  0.999796  0.000102
0.000102  0.999796  0.000102
0.000116  0.000115  0.999769
0.000112  0.999776  0.000112
0.000115  0.999770  0.000115
0.000140  0.000140  0.999719
0.999790  0.000105  0.000105
0.000103  0.782818  0.217079
0.702427  0.297470  0.000102
0.592738  0.407156  0.000106
0.000102  0.959852  0.040046
0.999797  0.000102  0.000101
0.000110  0.999779  0.000110
0.796523  0.203374  0.000102
0.675155  0.324742  0.000103
0.689947  0.309951  0.000102
0.744781  0.000103  0.255116
0.999814  0.000083  0.000103
0.999776  0.000112  0.000112
0.999793  0.000104  0.000104
0.999797  0.000102  0.000102
0.740504  0.000102  0.259394
0.999793  0.000103  0.000103
0.999816  0.000102  0.000082
0.999797  0.000102  0.000102
0.000102  0.000102  0.999795
0.999817  0.000082  0.000102
0.779605  0.000121  0.220274
0.999750  0.000125  0.000125
0.468419  0.000131  0.531450
0.000102  0.999796  0.000102
0.000102  0.999796  0.000102
0.999782  0.000109  0.000109
0.544519  0.000109  0.455372
0.999775  0.000112  0.000113
0.000102  0.999796  0.000102
0.000102  0.999796  0.000102
0.000102  0.999796  0.000102
0.000103  0.000103  0.999793
0.999796  0.000102  0.000102
0.908879  0.091005  0.000115
0.715907  0.283985  0.000108
0.999735  0.000133  0.000132
0.999795  0.000103  0.000102
0.999753  0.000123  0.000123
0.442410  0.000103  0.557487
0.999796  0.000102  0.000102
0.726086  0.000103  0.273811
0.773128  0.000102  0.226769
0.444442  0.449121  0.106437
0.851668  0.148225  0.000108
0.000108  0.999785  0.000107
0.000104  0.999793  0.000104
0.000110  0.999781  0.000109
0.000102  0.999796  0.000102
0.000102  0.324069  0.675829
0.721644  0.278253  0.000104
0.000102  0.760211  0.239686
0.000102  0.999796  0.000102
0.000102  0.999796  0.000102
0.000102  0.787924  0.211975
0.814894  0.185004  0.000103
0.850922  0.148976  0.000102
0.000109  0.000109  0.999781
0.999721  0.000140  0.000139
0.562801  0.221907  0.215292
0.999758  0.000121  0.000121
0.000102  0.000102  0.999796
0.000102  0.000102  0.999795
0.000102  0.000102  0.999796
0.556614  0.000102  0.443284
0.000102  0.035981  0.963917
0.000102  0.029609  0.970289
0.999796  0.000102  0.000102
0.481046  0.518853  0.000102
0.000103  0.999795  0.000102
0.649718  0.350180  0.000102
0.626416  0.373481  0.000103
0.000102  0.999797  0.000102
0.000102  0.509152  0.490747
0.684596  0.000102  0.315302
0.000102  0.000102  0.999797
0.000102  0.999796  0.000102
0.554787  0.445111  0.000102
0.927178  0.072720  0.000102
0.000102  0.999797  0.000102
0.000102  0.626615  0.373283
0.000102  0.999796  0.000102
0.000102  0.782717  0.217180
0.999796  0.000102  0.000102
0.000102  0.000102  0.999796
0.000102  0.000102  0.999796
0.999777  0.000111  0.000111
0.999741  0.000130  0.000129
0.000107  0.000107  0.999787
0.958388  0.000102  0.041510
0.999741  0.000129  0.000129
0.999750  0.000125  0.000125
0.999771  0.000114  0.000115
0.999778  0.000111  0.000111
0.617046  0.382852  0.000102
0.000103  0.920315  0.079583
0.999788  0.000106  0.000106
0.000134  0.000133  0.999733
0.000102  0.999796  0.000102
0.000104  0.999793  0.000104
0.999796  0.000102  0.000102
0.465039  0.000102  0.534859
0.000108  0.858105  0.141787
0.999797  0.000102  0.000102
0.999795  0.000103  0.000103
0.999796  0.000102  0.000102
0.999796  0.000102  0.000102
0.000102  0.411630  0.588267
0.442841  0.000102  0.557057
0.000102  0.999796  0.000102
0.000102  0.000102  0.999796
0.999796  0.000102  0.000102
0.000102  0.734422  0.265476
0.555221  0.000102  0.444677
0.000102  0.999796  0.000102
0.999796  0.000102  0.000102
0.000105  0.000105  0.999791
0.673040  0.000102  0.326859
0.999796  0.000102  0.000102
0.000102  0.999797  0.000102
0.898218  0.101680  0.000102
0.712929  0.286969  0.000102
0.974307  0.025591  0.000102
0.999764  0.000118  0.000118
0.000102  0.999797  0.000102
0.999790  0.000105  0.000105
0.000102  0.000102  0.999796
0.254655  0.745243  0.000102
0.000105  0.999790  0.000105
0.000102  0.999797  0.000102
0.213067  0.612122  0.174811
0.999725  0.000138  0.000137
0.999763  0.000118  0.000118
0.000102  0.884527  0.115371
0.841309  0.158589  0.000102
0.000115  0.999770  0.000115
0.000103  0.000103  0.999794
0.547832  0.452057  0.000111
0.000102  0.999796  0.000102
0.000103  0.999795  0.000102
0.000135  0.615852  0.384012
0.664875  0.335023  0.000102
0.999751  0.000125  0.000125
0.170187  0.829711  0.000102
0.776040  0.000112  0.223848
0.752991  0.246904  0.000105
0.999768  0.000116  0.000116
0.000103  0.728779  0.271118
0.999781  0.000109  0.000109
0.999788  0.000106  0.000106
0.969183  0.030714  0.000103
0.000105  0.000105  0.999791
0.000102  0.000102  0.999796
0.813295  0.000116  0.186588
0.592308  0.407590  0.000102
0.000102  0.496056  0.503843
0.000102  0.999796  0.000102
0.390168  0.609730  0.000102
0.754895  0.245004  0.000102
0.524201  0.475697  0.000102
0.794869  0.205029  0.000102
0.000102  0.999796  0.000102
0.999768  0.000116  0.000116
0.999783  0.000108  0.000108
0.000103  0.000103  0.999794
0.641805  0.000102  0.358093
0.999816  0.000082  0.000102
0.000102  0.000102  0.999796
0.000102  0.999797  0.000102
0.755726  0.244172  0.000102
0.555265  0.444630  0.000105
0.999793  0.000104  0.000104
0.000106  0.999787  0.000106
0.000137  0.000137  0.999726
0.999797  0.000102  0.000102
0.999795  0.000102  0.000102
0.999796  0.000102  0.000102
0.000102  0.000102  0.999796
0.000102  0.000102  0.999795
0.999792  0.000104  0.000104
0.839180  0.160715  0.000104
0.000111  0.000111  0.999777
0.000102  0.000102  0.999796
0.000113  0.000113  0.999774
0.425377  0.000102  0.574520
0.000105  0.999791  0.000105
0.000103  0.000103  0.999795
0.999795  0.000102  0.000102
0.787080  0.212816  0.000104
0.776715  0.000116  0.223168
0.791771  0.000103  0.208126
0.000102  0.685329  0.314569
0.999720  0.000140  0.000140
0.000134  0.948788  0.051079
0.999796  0.000102  0.000102
0.755808  0.244090  0.000102
0.999774  0.000113  0.000113
0.000104  0.999791  0.000105
0.000103  0.999795  0.000102
0.000102  0.999796  0.000102
0.000104  0.000104  0.999792
0.534276  0.465622  0.000102
0.403357  0.596541  0.000103
0.000105  0.999790  0.000105
0.407576  0.592321  0.000103
0.000102  0.999795  0.000102
0.000102  0.999796  0.000102
0.000103  0.880106  0.119791
0.000105  0.999791  0.000104
0.000102  0.999797  0.000102
0.000104  0.570249  0.429647
0.000102  0.999797  0.000102
0.000103  0.999794  0.000103
0.378542  0.621344  0.000114
0.299897  0.700000  0.000103
0.999787  0.000107  0.000107
0.000102  0.000102  0.999796
0.000102  0.000102  0.999796
0.000102  0.000102  0.999796
0.999796  0.000102  0.000102
0.000102  0.000102  0.999795
0.999797  0.000102  0.000102
0.000102  0.999796  0.000102
0.000102  0.999796  0.000102
0.000102  0.999796  0.000102
0.787398  0.000129  0.212473
0.885386  0.114512  0.000102
0.593342  0.000103  0.406555
0.000102  0.607246  0.392651
0.999793  0.000103  0.000103
0.468057  0.000102  0.531842
0.000102  0.999796  0.000102
0.000102  0.999796  0.000102
0.000102  0.000102  0.999796
0.999792  0.000104  0.000104
0.999794  0.000103  0.000103
0.000102  0.337671  0.662227
0.000105  0.000105  0.999789
0.000114  0.987349  0.012537
0.999738  0.000131  0.000131
0.999785  0.000108  0.000108
0.999756  0.000122  0.000122
0.831794  0.000106  0.168101
0.999792  0.000104  0.000104
0.999793  0.000104  0.000104
0.000102  0.000102  0.999795
0.000103  0.000103  0.999795
0.999790  0.000105  0.000105
0.170767  0.829132  0.000102
0.481835  0.318366  0.199799
0.999786  0.000107  0.000107
0.000102  0.000102  0.999796
0.999771  0.000114  0.000114
0.000120  0.999761  0.000119
0.999816  0.000102  0.000082
0.000102  0.999796  0.000102
0.743361  0.000103  0.256536
0.000102  0.000102  0.999796
0.000102  0.999796  0.000102
0.000128  0.999745  0.000127
0.000102  0.000102  0.999796
0.461093  0.538805  0.000102
0.000106  0.000106  0.999789
0.614847  0.000102  0.385051
0.000102  0.999796  0.000102
0.000102  0.999796  0.000102
0.999796  0.000102  0.000102
0.999797  0.000102  0.000102
0.702032  0.000102  0.297866
0.000102  0.000102  0.999796
0.000102  0.000102  0.999796
0.000102  0.999797  0.000102
0.615898  0.373519  0.010583
0.601130  0.000102  0.398768
0.999735  0.000133  0.000132
0.000103  0.000103  0.999793
0.000102  0.999796  0.000102
0.999738  0.000131  0.000131
0.000102  0.999797  0.000102
0.698250  0.301648  0.000102
0.000102  0.999796  0.000102
0.000102  0.775184  0.224714
0.000103  0.475732  0.524165
0.421150  0.578748  0.000102
0.000105  0.000105  0.999790
0.999774  0.000113  0.000113
0.999771  0.000115  0.000115
0.999793  0.000103  0.000103
