    7.243085     6.922123     4.541692     4.584681     4.962618     4.902078     4.583972     4.967609     4.502650
    6.922123    16.635610     5.083593     5.555471     6.477853     6.130045     5.356536     6.401088     5.150062
    4.541692     5.083593     5.130096     4.506818     4.512874     4.509827     4.623010     4.631263     4.565396
    4.584681     5.555471     4.506818     5.466306     4.554845     4.573897     4.570846     4.690117     4.549075
    4.962618     6.477853     4.512874     4.554845     6.148400     4.649493     4.518768     4.803766     4.511570
    4.902078     6.130045     4.509827     4.573897     4.649493     5.795022     4.558468     4.718016     4.585561
    4.583972     5.356536     4.623010     4.570846     4.518768     4.558468     5.286186     4.658858     4.664757
    4.967609     6.401088     4.631263     4.690117     4.803766     4.718016     4.658858     6.683011     4.675803
    4.502650     5.150062     4.565396     4.549075     4.511570     4.585561     4.664757     4.675803     5.276835
