    8.352370     7.070495     4.493876     4.550989     4.861173     4.735236     4.421109     4.709468     4.412279
    7.070495    23.070202     4.441830     5.093303     6.132780     5.194164     4.531633     5.591570     4.433924
    4.493876     4.441830     5.432688     4.557242     4.394372     4.505932     4.593923     4.343617     4.522930
    4.550989     5.093303     4.557242     5.874932     4.428308     4.505783     4.483560     4.444424     4.530476
    4.861173     6.132780     4.394372     4.428308     6.611533     4.353785     4.257760     4.362641     4.308387
    4.735236     5.194164     4.505932     4.505783     4.353785     5.794187     4.421792     4.329133     4.537073
    4.421109     4.531633     4.593923     4.483560     4.257760     4.421792     5.349662     4.261674     4.542457
    4.709468     5.591570     4.343617     4.444424     4.362641     4.329133     4.261674     6.387717     4.369596
    4.412279     4.433924     4.522930     4.530476     4.308387     4.537073     4.542457     4.369596     5.432666
