BRZ BRZSP KEY MRT PNS PR SCA TX VZ
BRZ 0 986 6194 3811 7031 4562 6424 7661 4157
BRZSP 986 0 6184 3850 7020 4534 6295 7707 4329
KEY 6194 6184 0 2385 853 1653 927 1525 2205
MRT 3811 3850 2385 0 3221 757 2694 3908 652
PNS 7031 7020 853 3221 0 2490 1739 879 3056
PR 4562 4534 1653 757 2490 0 1965 3177 877
SCA 6424 6295 927 2694 1739 1965 0 2430 2728
TX 7661 7707 1525 3908 879 3177 2430 0 3569
VZ 4157 4329 2205 652 3056 877 2728 3569 0
