0.004666  0.990125  0.005209
0.004549  0.990368  0.005083
0.004576  0.005103  0.990321
0.004637  0.990147  0.005216
0.004677  0.990089  0.005234
0.004578  0.005242  0.990180
0.004643  0.990170  0.005186
0.004520  0.990470  0.005010
0.004738  0.989946  0.005316
0.004654  0.990173  0.005173
0.004549  0.990368  0.005083
0.004664  0.990149  0.005186
0.004580  0.005254  0.990166
0.004553  0.990378  0.005069
0.004850  0.989724  0.005427
0.004553  0.990378  0.005069
0.004655  0.990159  0.005186
0.004976  0.989443  0.005581
0.004550  0.005150  0.990300
0.986647  0.006931  0.006421
0.004538  0.990402  0.005061
0.119457  0.005517  0.875026
0.004790  0.005370  0.989840
0.033310  0.961376  0.005314
0.005765  0.006540  0.987695
0.004572  0.005104  0.990324
0.004533  0.589152  0.406315
0.004556  0.551169  0.444274
0.004666  0.005264  0.990069
0.004515  0.005154  0.990332
0.004674  0.005243  0.990083
0.004538  0.005018  0.990443
0.004533  0.589152  0.406315
0.004546  0.350542  0.644912
0.004755  0.989881  0.005365
0.004666  0.005203  0.990131
0.004635  0.005237  0.990129
0.006171  0.986907  0.006921
0.004656  0.990160  0.005184
0.004539  0.005158  0.990302
0.004760  0.989889  0.005351
0.004881  0.989627  0.005492
0.004766  0.005377  0.989857
0.004662  0.990130  0.005208
0.005657  0.006436  0.987907
0.004749  0.989922  0.005329
0.004637  0.990158  0.005206
0.004538  0.990402  0.005061
0.004886  0.989625  0.005489
0.004678  0.990131  0.005191
0.005171  0.005835  0.988994
0.004669  0.334488  0.660843
0.004517  0.990483  0.005000
0.004538  0.990402  0.005061
0.004560  0.005208  0.990232
0.004561  0.990372  0.005067
0.004549  0.990368  0.005083
0.004538  0.990402  0.005061
0.004538  0.990402  0.005061
0.416147  0.006470  0.577384
0.515203  0.477469  0.007328
0.976110  0.011958  0.011932
0.004538  0.005065  0.990397
0.004673  0.005236  0.990092
0.540316  0.005651  0.454033
0.290305  0.006076  0.703619
0.987679  0.006206  0.006115
0.004546  0.005108  0.990346
0.004534  0.589152  0.406314
0.004513  0.814026  0.181461
0.004768  0.005391  0.989840
0.004679  0.005226  0.990095
0.005622  0.988165  0.006213
0.004885  0.989658  0.005456
0.006272  0.006897  0.986831
0.004573  0.533118  0.462309
0.006444  0.986405  0.007151
0.004602  0.538764  0.456634
0.004532  0.990448  0.005021
0.004522  0.990439  0.005039
0.004573  0.533118  0.462309
0.356238  0.006877  0.636885
0.004905  0.989645  0.005450
0.004798  0.989861  0.005341
0.004533  0.589152  0.406315
0.005293  0.005983  0.988724
0.004572  0.005104  0.990324
0.004575  0.377910  0.617516
0.004773  0.535770  0.459457
0.004538  0.005065  0.990397
0.004555  0.005110  0.990336
0.004761  0.005304  0.989935
0.004557  0.005152  0.990291
0.004574  0.005097  0.990329
0.004574  0.005097  0.990329
0.005234  0.005791  0.988975
0.006528  0.007098  0.986374
0.004538  0.990402  0.005061
0.005911  0.006496  0.987592
0.004804  0.005358  0.989838
0.004694  0.005285  0.990021
0.004693  0.005210  0.990097
0.004592  0.005091  0.990317
0.004808  0.005422  0.989769
0.004620  0.525867  0.469513
0.004574  0.005097  0.990329
0.004575  0.005157  0.990269
0.004592  0.005091  0.990317
0.004637  0.990163  0.005201
0.004841  0.989712  0.005447
0.004538  0.990402  0.005061
0.004549  0.990368  0.005083
0.004549  0.990368  0.005083
0.004575  0.005157  0.990269
0.004528  0.572372  0.423100
0.004538  0.990402  0.005061
0.004538  0.990402  0.005061
0.004543  0.005075  0.990382
0.004740  0.005327  0.989933
0.004786  0.005417  0.989796
0.004655  0.990160  0.005184
0.004558  0.005109  0.990333
0.004538  0.990402  0.005061
0.004594  0.648002  0.347405
0.988805  0.005569  0.005626
0.985479  0.007399  0.007122
0.989547  0.005205  0.005248
0.004549  0.990368  0.005083
0.984531  0.007858  0.007611
0.984737  0.007621  0.007642
0.987286  0.006324  0.006390
0.989047  0.005483  0.005470
0.004572  0.990339  0.005090
0.004560  0.005208  0.990232
0.005034  0.989363  0.005603
0.007420  0.984355  0.008225
0.004556  0.005198  0.990246
0.005008  0.005659  0.989333
0.004546  0.005143  0.990311
0.004572  0.990339  0.005090
0.004682  0.541185  0.454133
0.004549  0.990368  0.005083
0.004788  0.585319  0.409894
0.004551  0.990404  0.005045
0.004572  0.990339  0.005090
0.004549  0.990368  0.005083
0.004538  0.990402  0.005061
0.004549  0.990368  0.005083
0.004538  0.990402  0.005061
0.004552  0.334711  0.660738
0.004770  0.989865  0.005366
0.004538  0.990402  0.005061
0.004533  0.589152  0.406315
0.004538  0.990402  0.005061
0.005340  0.005988  0.988671
0.004538  0.990402  0.005061
0.004752  0.005456  0.989792
0.004561  0.990372  0.005067
0.004554  0.990349  0.005096
0.153268  0.841373  0.005359
0.004679  0.990130  0.005191
0.988310  0.005870  0.005820
0.004556  0.551169  0.444274
0.004632  0.005243  0.990125
0.004545  0.005169  0.990286
0.004557  0.005152  0.990291
0.004540  0.005105  0.990355
0.004533  0.589152  0.406315
0.004541  0.004988  0.990471
0.005833  0.987693  0.006474
0.004782  0.005360  0.989858
0.004749  0.989922  0.005329
0.004542  0.005165  0.990293
0.005135  0.989131  0.005734
0.004738  0.989946  0.005316
0.004650  0.990166  0.005184
0.004537  0.005013  0.990451
0.004766  0.005377  0.989857
0.006463  0.007045  0.986492
0.004554  0.005054  0.990392
0.005687  0.006303  0.988010
0.004658  0.005181  0.990161
0.005351  0.005964  0.988685
0.004791  0.005327  0.989882
0.005408  0.794639  0.199953
0.004592  0.005091  0.990317
0.004676  0.005176  0.990148
0.004674  0.488097  0.507229
0.004636  0.990244  0.005121
0.004770  0.005314  0.989917
0.004676  0.005278  0.990047
0.005331  0.006038  0.988631
0.004567  0.707102  0.288331
0.004539  0.005022  0.990440
0.004497  0.005002  0.990502
0.004818  0.876861  0.118320
0.004555  0.005145  0.990300
0.004538  0.310508  0.684954
0.004669  0.700601  0.294731
0.004540  0.005075  0.990385
0.005212  0.988869  0.005919
0.004561  0.990372  0.005067
0.004666  0.990126  0.005208
0.004634  0.990176  0.005190
0.004549  0.990368  0.005083
0.004522  0.990439  0.005039
0.004688  0.533066  0.462246
0.004560  0.005208  0.990232
0.004668  0.005236  0.990096
0.004793  0.005415  0.989791
0.004875  0.005581  0.989544
0.009767  0.979462  0.010771
0.004572  0.990339  0.005090
0.004896  0.989609  0.005495
0.004538  0.990402  0.005061
0.004538  0.990402  0.005061
0.004784  0.989868  0.005348
0.004881  0.989665  0.005455
0.004666  0.005239  0.990095
0.004634  0.990195  0.005170
0.004666  0.990126  0.005208
0.004538  0.990402  0.005061
0.004749  0.989922  0.005329
0.004785  0.005334  0.989882
0.004650  0.990136  0.005213
0.988847  0.005585  0.005568
0.033285  0.005233  0.961482
0.429162  0.564600  0.006238
0.989055  0.005480  0.005465
0.004762  0.005366  0.989872
0.004522  0.990439  0.005039
0.004561  0.990372  0.005067
0.316593  0.676942  0.006465
0.004546  0.350542  0.644912
0.004557  0.005152  0.990291
0.004734  0.989961  0.005305
0.004559  0.005059  0.990382
0.004793  0.005376  0.989831
0.004557  0.005152  0.990291
0.005119  0.005805  0.989076
0.004630  0.005083  0.990287
0.004710  0.005216  0.990073
0.004576  0.005103  0.990321
0.004675  0.005368  0.989958
0.004771  0.005391  0.989838
0.004546  0.350542  0.644912
0.004765  0.539262  0.455973
0.004649  0.177639  0.817712
0.004533  0.589152  0.406315
0.004893  0.005478  0.989629
0.004666  0.005264  0.990069
0.984407  0.007526  0.008068
0.005032  0.005600  0.989368
0.004867  0.989703  0.005431
0.004549  0.990368  0.005083
0.004538  0.990402  0.005061
0.004575  0.005157  0.990269
0.004773  0.989905  0.005323
0.004573  0.533118  0.462309
0.004549  0.990368  0.005083
0.004545  0.990432  0.005022
0.004803  0.005358  0.989839
0.004533  0.744130  0.251337
0.004916  0.989608  0.005476
0.004738  0.989946  0.005316
0.004676  0.005278  0.990047
0.004575  0.005157  0.990269
0.004786  0.005351  0.989863
0.004574  0.005097  0.990329
0.004730  0.761322  0.233948
0.004674  0.005328  0.989998
0.989807  0.005140  0.005053
0.989950  0.005044  0.005006
0.989683  0.005151  0.005166
0.990121  0.004972  0.004907
0.989164  0.005424  0.005412
0.987902  0.006095  0.006003
0.985216  0.007391  0.007393
0.988997  0.005559  0.005444
0.987964  0.006089  0.005947
0.989581  0.005263  0.005156
0.004992  0.005614  0.989395
0.004568  0.720999  0.274433
0.004559  0.603419  0.392022
0.004786  0.801542  0.193672
0.004658  0.005228  0.990113
0.004562  0.296029  0.699409
0.004564  0.005148  0.990289
0.004538  0.990402  0.005061
0.004549  0.990368  0.005083
0.004549  0.990368  0.005083
0.004549  0.990368  0.005083
0.004549  0.990368  0.005083
0.005933  0.987354  0.006713
0.004552  0.334711  0.660738
0.004657  0.005375  0.989968
0.004561  0.990372  0.005067
0.004538  0.990402  0.005061
0.004564  0.005185  0.990251
0.004681  0.005254  0.990064
0.004557  0.766630  0.228813
0.004664  0.990149  0.005186
0.004517  0.990483  0.005000
0.004531  0.005168  0.990302
0.004650  0.990147  0.005203
0.004738  0.989946  0.005316
0.004560  0.005208  0.990232
0.004661  0.005374  0.989965
0.455423  0.535534  0.009043
0.449880  0.544947  0.005173
0.004557  0.005250  0.990194
0.330422  0.661589  0.007990
0.004533  0.589152  0.406315
0.004649  0.177481  0.817869
0.004533  0.589152  0.406315
0.004588  0.209535  0.785876
0.004652  0.589019  0.406329
0.004556  0.551169  0.444274
0.989302  0.005366  0.005332
0.005487  0.006345  0.988168
0.004896  0.005531  0.989573
0.004619  0.748687  0.246695
0.004878  0.989712  0.005410
0.004560  0.005249  0.990191
0.005157  0.005881  0.988961
0.005015  0.005723  0.989261
