0.002541  0.989865  0.002516  0.002542  0.002536
0.002477  0.002481  0.002455  0.990110  0.002476
0.233737  0.002479  0.002456  0.758854  0.002474
0.175079  0.002542  0.002515  0.817325  0.002539
0.002543  0.002543  0.002517  0.989861  0.002537
0.145942  0.846655  0.002454  0.002477  0.002472
0.121211  0.871195  0.002516  0.002541  0.002537
0.002502  0.990088  0.002459  0.002477  0.002475
0.002602  0.989612  0.002578  0.002606  0.002601
0.002536  0.989876  0.002514  0.002539  0.002535
0.002477  0.002481  0.002455  0.990110  0.002476
0.002540  0.989867  0.002516  0.002542  0.002536
0.002475  0.902981  0.002454  0.002477  0.089613
0.168744  0.823846  0.002456  0.002480  0.002475
0.002667  0.989354  0.002643  0.002671  0.002666
0.168744  0.823846  0.002456  0.002480  0.002475
0.002538  0.989876  0.002514  0.002539  0.002533
0.002742  0.989066  0.002713  0.002741  0.002738
0.002481  0.494938  0.002455  0.002479  0.497646
0.002739  0.387195  0.604590  0.002740  0.002736
0.002476  0.990112  0.002455  0.002481  0.002476
0.120107  0.780382  0.094310  0.002602  0.002599
0.236897  0.002604  0.002579  0.755318  0.002601
0.002603  0.989546  0.002651  0.002602  0.002599
0.987367  0.003167  0.003133  0.003168  0.003165
0.002481  0.002480  0.002456  0.990108  0.002476
0.002479  0.990109  0.002454  0.002480  0.002477
0.002480  0.990108  0.002455  0.002480  0.002476
0.989862  0.002542  0.002516  0.002543  0.002538
0.579186  0.413407  0.002453  0.002479  0.002475
0.882533  0.002550  0.002523  0.002550  0.109844
0.686118  0.002478  0.002455  0.306475  0.002474
0.002479  0.990109  0.002454  0.002480  0.002477
0.002480  0.002481  0.002454  0.990106  0.002478
0.002605  0.002607  0.002578  0.989607  0.002603
0.002544  0.002541  0.002516  0.989863  0.002537
0.617879  0.374532  0.002514  0.002540  0.002536
0.003368  0.003375  0.003339  0.986552  0.003366
0.002538  0.989868  0.002516  0.002542  0.002537
0.279888  0.712703  0.002454  0.002480  0.002476
0.002601  0.002606  0.002578  0.989615  0.002600
0.002671  0.002674  0.002645  0.989339  0.002670
0.002604  0.002605  0.002577  0.989610  0.002604
0.002538  0.002542  0.002516  0.989866  0.002538
0.224186  0.766635  0.003041  0.003072  0.003066
0.002603  0.002607  0.002578  0.989609  0.002604
0.201843  0.002542  0.002515  0.790562  0.002538
0.002476  0.990112  0.002455  0.002481  0.002476
0.002668  0.002674  0.002645  0.989346  0.002668
0.002539  0.989867  0.002517  0.002542  0.002536
0.180076  0.002820  0.002790  0.811499  0.002814
0.261474  0.002542  0.002516  0.730931  0.002537
0.002476  0.658162  0.002454  0.002480  0.334428
0.002476  0.990112  0.002455  0.002481  0.002476
0.186994  0.805596  0.002454  0.002480  0.002475
0.002478  0.990111  0.002456  0.002480  0.002475
0.002477  0.002481  0.002455  0.990110  0.002476
0.002476  0.990112  0.002455  0.002481  0.002476
0.002476  0.990112  0.002455  0.002481  0.002476
0.526420  0.003170  0.464067  0.003175  0.003169
0.003616  0.003609  0.512307  0.003615  0.476853
0.005297  0.005302  0.978793  0.005311  0.005297
0.253553  0.002479  0.002454  0.739038  0.002476
0.002540  0.002540  0.002515  0.989867  0.002538
0.462326  0.002750  0.529443  0.002742  0.002739
0.215627  0.513697  0.264883  0.002898  0.002895
0.003064  0.003068  0.987735  0.003069  0.003064
0.182723  0.002479  0.002454  0.809867  0.002476
0.002479  0.990109  0.002454  0.002480  0.002477
0.002477  0.597839  0.002454  0.002479  0.394751
0.176669  0.002606  0.002578  0.815547  0.002600
0.002535  0.002538  0.002514  0.989878  0.002534
0.003064  0.987765  0.003040  0.003069  0.003062
0.002669  0.989341  0.002646  0.002674  0.002670
0.003368  0.003370  0.003343  0.986555  0.003364
0.002475  0.428871  0.002455  0.563725  0.002474
0.003480  0.003490  0.003456  0.986094  0.003480
0.002473  0.002477  0.002455  0.747124  0.245471
0.002483  0.002487  0.002460  0.002487  0.990083
0.002474  0.990122  0.002453  0.002478  0.002473
0.002475  0.428871  0.002455  0.563725  0.002474
0.003364  0.003369  0.315789  0.674113  0.003365
0.002669  0.989341  0.002647  0.002674  0.002668
0.002606  0.002607  0.002581  0.989606  0.002601
0.002479  0.990109  0.002454  0.002480  0.002477
0.877880  0.002909  0.002877  0.002910  0.113424
0.002481  0.002480  0.002456  0.990108  0.002476
0.195569  0.002479  0.002455  0.797020  0.002476
0.381491  0.002607  0.002580  0.002607  0.610714
0.253553  0.002479  0.002454  0.739038  0.002476
0.002478  0.002479  0.002454  0.990112  0.002477
0.002602  0.002603  0.002576  0.989618  0.002600
0.360538  0.632054  0.002454  0.002479  0.002475
0.002474  0.002477  0.002454  0.990122  0.002473
0.002474  0.002477  0.002454  0.990122  0.002473
0.002812  0.002816  0.002792  0.988769  0.002811
0.003482  0.003484  0.003459  0.986099  0.003476
0.002476  0.990112  0.002455  0.002481  0.002476
0.003161  0.003163  0.003139  0.987383  0.003155
0.002599  0.002602  0.002578  0.989622  0.002598
0.002537  0.002540  0.002516  0.989872  0.002536
0.002537  0.002539  0.002516  0.989874  0.002535
0.002476  0.002477  0.002456  0.990118  0.002472
0.002603  0.002605  0.002580  0.989611  0.002601
0.221009  0.002477  0.002456  0.771584  0.002474
0.002474  0.002477  0.002454  0.990122  0.002473
0.002475  0.002479  0.002455  0.990116  0.002475
0.002476  0.002477  0.002456  0.990118  0.002472
0.384213  0.002481  0.002456  0.608373  0.002477
0.002669  0.989340  0.002644  0.002674  0.002672
0.002476  0.990112  0.002455  0.002481  0.002476
0.002477  0.002481  0.002455  0.990110  0.002476
0.002477  0.002481  0.002455  0.990110  0.002476
0.002475  0.002479  0.002455  0.990116  0.002475
0.446528  0.002481  0.002455  0.002482  0.546054
0.002476  0.990112  0.002455  0.002481  0.002476
0.002476  0.990112  0.002455  0.002481  0.002476
0.154229  0.002479  0.002455  0.709861  0.130977
0.256882  0.002604  0.002577  0.735334  0.002603
0.002601  0.002605  0.002578  0.989616  0.002600
0.002538  0.989868  0.002516  0.002542  0.002537
0.160662  0.002479  0.002455  0.831930  0.002475
0.002476  0.990112  0.002455  0.002481  0.002476
0.122542  0.002479  0.002456  0.870047  0.002475
0.002740  0.002742  0.989032  0.002747  0.002738
0.003483  0.003488  0.985983  0.003492  0.003554
0.002597  0.002600  0.989599  0.002605  0.002598
0.002477  0.002481  0.002455  0.990110  0.002476
0.003738  0.003751  0.985035  0.003741  0.003734
0.003613  0.003617  0.985536  0.003622  0.003612
0.003159  0.003160  0.987358  0.003167  0.003156
0.002546  0.002548  0.989811  0.002551  0.002544
0.002480  0.002481  0.002457  0.990107  0.002476
0.186994  0.805596  0.002454  0.002480  0.002475
0.002743  0.989057  0.002717  0.002745  0.002738
0.004030  0.983907  0.003998  0.004037  0.004028
0.002479  0.990108  0.002454  0.002481  0.002478
0.171089  0.002745  0.002715  0.820711  0.002741
0.002480  0.002484  0.002458  0.002484  0.990094
0.002480  0.002481  0.002457  0.990107  0.002476
0.249092  0.743315  0.002516  0.002541  0.002535
0.002477  0.002481  0.002455  0.990110  0.002476
0.002600  0.428995  0.002579  0.563225  0.002602
0.002475  0.990121  0.002454  0.002477  0.002472
0.002480  0.002481  0.002457  0.990107  0.002476
0.002477  0.002481  0.002455  0.990110  0.002476
0.002476  0.990112  0.002455  0.002481  0.002476
0.002477  0.002481  0.002455  0.990110  0.002476
0.002476  0.990112  0.002455  0.002481  0.002476
0.259645  0.002481  0.002455  0.732943  0.002476
0.002600  0.002606  0.002578  0.989615  0.002600
0.002476  0.990112  0.002455  0.002481  0.002476
0.002479  0.990109  0.002454  0.002480  0.002477
0.002476  0.990112  0.002455  0.002481  0.002476
0.002898  0.002898  0.002870  0.988442  0.002892
0.002476  0.990112  0.002455  0.002481  0.002476
0.002600  0.358633  0.002577  0.002604  0.633587
0.002478  0.990111  0.002456  0.002480  0.002475
0.002477  0.002481  0.002455  0.990110  0.002477
0.002478  0.002479  0.106924  0.885644  0.002475
0.002539  0.989867  0.002517  0.002542  0.002536
0.002891  0.002899  0.988425  0.002896  0.002889
0.002480  0.990108  0.002455  0.002480  0.002476
0.002543  0.002545  0.002518  0.002546  0.989848
0.173125  0.680777  0.002454  0.002480  0.141164
0.360538  0.632054  0.002454  0.002479  0.002475
0.704974  0.287621  0.002454  0.002478  0.002474
0.002479  0.990109  0.002454  0.002480  0.002477
0.319225  0.002476  0.002455  0.673369  0.002475
0.003167  0.003169  0.003137  0.987364  0.003163
0.162656  0.002604  0.002579  0.829560  0.002601
0.002603  0.002607  0.002578  0.989609  0.002604
0.661478  0.002481  0.002455  0.331109  0.002477
0.002815  0.988757  0.002791  0.002820  0.002817
0.002602  0.989612  0.002578  0.002606  0.002601
0.002538  0.989868  0.002516  0.002542  0.002537
0.168989  0.002477  0.002454  0.823606  0.002474
0.002604  0.002605  0.002577  0.989610  0.002604
0.003478  0.003483  0.003456  0.866570  0.123014
0.002477  0.002477  0.002453  0.990118  0.002475
0.003064  0.003068  0.003041  0.987765  0.003063
0.002538  0.002538  0.002514  0.989874  0.002536
0.002891  0.002895  0.002869  0.988452  0.002893
0.002599  0.002602  0.002578  0.989622  0.002599
0.002892  0.311092  0.002872  0.368814  0.314330
0.002476  0.002477  0.002456  0.990118  0.002472
0.115056  0.002538  0.002515  0.877357  0.002534
0.002536  0.429067  0.002515  0.563345  0.002537
0.002537  0.655287  0.002515  0.002541  0.337120
0.115753  0.002602  0.002577  0.876467  0.002600
0.002537  0.002540  0.002515  0.989871  0.002537
0.002893  0.002898  0.002868  0.988444  0.002897
0.002476  0.002478  0.002455  0.249003  0.743589
0.002476  0.002477  0.002454  0.858044  0.134549
0.189301  0.002478  0.002454  0.412315  0.393452
0.002667  0.002680  0.002643  0.002669  0.989342
0.002478  0.452900  0.002454  0.539692  0.002476
0.295081  0.002481  0.002454  0.697506  0.002478
0.002535  0.002537  0.002515  0.002544  0.989870
0.002478  0.002479  0.002454  0.808576  0.184013
0.002898  0.988439  0.002866  0.002900  0.002896
0.002478  0.990111  0.002456  0.002480  0.002475
0.002538  0.002542  0.002516  0.989866  0.002538
0.002538  0.989867  0.002515  0.002542  0.002538
0.002477  0.002481  0.002455  0.990110  0.002476
0.002474  0.990122  0.002453  0.002478  0.002473
0.002536  0.428966  0.002516  0.563447  0.002535
0.186994  0.805596  0.002454  0.002480  0.002475
0.002540  0.002540  0.002514  0.989868  0.002538
0.002604  0.474186  0.002580  0.518030  0.002600
0.002674  0.989336  0.002644  0.002674  0.002672
0.005279  0.978946  0.005232  0.005279  0.005263
0.002480  0.002481  0.002457  0.990107  0.002476
0.989330  0.002676  0.002647  0.002676  0.002672
0.002476  0.990112  0.002455  0.002481  0.002476
0.002476  0.990112  0.002455  0.002481  0.002476
0.002606  0.002607  0.002580  0.989606  0.002601
0.002672  0.989341  0.002646  0.002674  0.002667
0.002543  0.498175  0.002516  0.494230  0.002536
0.239962  0.752446  0.002515  0.002541  0.002536
0.002538  0.002542  0.002516  0.989866  0.002538
0.002476  0.990112  0.002455  0.002481  0.002476
0.002603  0.002607  0.002578  0.989609  0.002604
0.002608  0.002605  0.002579  0.989606  0.002601
0.002538  0.002542  0.002515  0.989865  0.002539
0.002489  0.002492  0.990038  0.002494  0.002487
0.002540  0.002540  0.002600  0.989780  0.002540
0.002982  0.578211  0.412843  0.002987  0.002977
0.002487  0.002490  0.990045  0.002492  0.002486
0.002605  0.002605  0.002577  0.989612  0.002602
0.002474  0.990122  0.002453  0.002478  0.002473
0.002478  0.990111  0.002456  0.002480  0.002475
0.003166  0.683240  0.307263  0.003166  0.003165
0.002480  0.002481  0.002454  0.990106  0.002478
0.360538  0.632054  0.002454  0.002479  0.002475
0.002602  0.989611  0.002578  0.002606  0.002603
0.556350  0.002478  0.002456  0.436243  0.002474
0.002605  0.002605  0.002580  0.989610  0.002601
0.360538  0.632054  0.002454  0.002479  0.002475
0.988747  0.002822  0.002790  0.002822  0.002818
0.476345  0.002537  0.002515  0.516068  0.002535
0.433689  0.002601  0.002577  0.558535  0.002598
0.233737  0.002479  0.002456  0.758854  0.002474
0.002539  0.989873  0.002513  0.002538  0.002536
0.989605  0.002607  0.002579  0.002607  0.002603
0.002487  0.002490  0.002463  0.002491  0.990069
0.002607  0.989606  0.002578  0.002606  0.002603
0.002544  0.002547  0.002518  0.002547  0.989844
0.002479  0.990109  0.002454  0.002480  0.002477
0.002674  0.002672  0.002645  0.989340  0.002670
0.989862  0.002542  0.002516  0.002543  0.002538
0.192700  0.003735  0.796123  0.003724  0.003718
0.002739  0.002741  0.002715  0.989067  0.002738
0.002666  0.989352  0.002644  0.002671  0.002667
0.002477  0.002481  0.002455  0.990110  0.002476
0.002476  0.990112  0.002455  0.002481  0.002476
0.002475  0.002479  0.002455  0.990116  0.002475
0.002604  0.989611  0.002579  0.002606  0.002600
0.002475  0.428871  0.002455  0.563725  0.002474
0.002477  0.002481  0.002455  0.990110  0.002476
0.395040  0.002481  0.002456  0.597546  0.002477
0.002599  0.002602  0.002578  0.989622  0.002598
0.194115  0.798474  0.002455  0.002480  0.002477
0.002670  0.002674  0.002647  0.989339  0.002669
0.002602  0.989612  0.002578  0.002606  0.002601
0.002537  0.002540  0.002515  0.989871  0.002537
0.002475  0.002479  0.002455  0.990116  0.002475
0.002599  0.002602  0.002577  0.989623  0.002598
0.002474  0.002477  0.002454  0.990122  0.002473
0.197029  0.795184  0.002578  0.002605  0.002604
0.002540  0.989864  0.002515  0.002542  0.002539
0.002533  0.002541  0.989855  0.002536  0.002535
0.002474  0.002481  0.990094  0.002478  0.002473
0.002483  0.002482  0.990073  0.002484  0.002479
0.002480  0.002474  0.990100  0.002476  0.002471
0.002545  0.002547  0.989816  0.002549  0.002543
0.002977  0.002982  0.988082  0.002982  0.002977
0.003609  0.003610  0.985559  0.003614  0.003608
0.002736  0.002744  0.989043  0.002739  0.002738
0.002823  0.002830  0.988700  0.002825  0.002821
0.002537  0.002545  0.989841  0.002540  0.002537
0.989055  0.002745  0.002715  0.002745  0.002740
0.437178  0.555413  0.002455  0.002479  0.002474
0.002478  0.866438  0.002456  0.002480  0.126148
0.514814  0.477403  0.002579  0.002604  0.002600
0.161748  0.002540  0.002515  0.830660  0.002537
0.819246  0.173351  0.002453  0.002477  0.002473
0.364246  0.628342  0.002455  0.002479  0.002477
0.002476  0.990112  0.002455  0.002481  0.002476
0.002477  0.002481  0.002455  0.990110  0.002476
0.002477  0.002481  0.002455  0.990110  0.002476
0.002477  0.002481  0.002455  0.990110  0.002476
0.002477  0.002481  0.002455  0.990110  0.002476
0.003261  0.003268  0.003231  0.986978  0.003262
0.259645  0.002481  0.002455  0.732943  0.002476
0.002537  0.989875  0.002512  0.002539  0.002537
0.002478  0.990111  0.002456  0.002480  0.002475
0.002476  0.990112  0.002455  0.002481  0.002476
0.258976  0.733617  0.002454  0.002477  0.002476
0.617175  0.002542  0.002516  0.375228  0.002539
0.682974  0.002481  0.002456  0.309613  0.002477
0.002540  0.989867  0.002516  0.002542  0.002536
0.002476  0.658162  0.002454  0.002480  0.334428
0.100557  0.637701  0.002452  0.002477  0.256812
0.002539  0.002542  0.002515  0.989866  0.002538
0.002602  0.989612  0.002578  0.002606  0.002601
0.186994  0.805596  0.002454  0.002480  0.002475
0.117249  0.875164  0.002513  0.002539  0.002536
0.004214  0.004198  0.361946  0.625446  0.004196
0.002476  0.002479  0.399129  0.593440  0.002476
0.002476  0.990119  0.002452  0.002478  0.002475
0.003738  0.003741  0.250719  0.738069  0.003733
0.002479  0.990109  0.002454  0.002480  0.002477
0.002544  0.002547  0.002518  0.002547  0.989844
0.002479  0.990109  0.002454  0.002480  0.002477
0.826214  0.002482  0.002456  0.166369  0.002479
0.002540  0.989865  0.002515  0.002542  0.002538
0.002480  0.990108  0.002455  0.002480  0.002476
0.002666  0.002670  0.989330  0.002670  0.002664
0.131066  0.860028  0.002950  0.002979  0.002976
0.177800  0.002674  0.002645  0.814213  0.002668
0.002478  0.002479  0.002457  0.726368  0.266218
0.002671  0.002675  0.002647  0.002676  0.989331
0.116609  0.875987  0.002453  0.002478  0.002473
0.496744  0.494832  0.002789  0.002819  0.002815
0.202072  0.646958  0.002715  0.002744  0.145511
