0.003326  0.003235  0.324933  0.668506
0.003255  0.003158  0.003242  0.990345
0.555247  0.003161  0.438340  0.003252
0.003335  0.003235  0.171720  0.821710
0.003343  0.003241  0.990070  0.003347
0.003237  0.003156  0.329781  0.663826
0.003327  0.003235  0.121706  0.871732
0.003249  0.003161  0.003242  0.990348
0.003412  0.003311  0.003400  0.989877
0.003319  0.003237  0.129736  0.863707
0.003255  0.003158  0.003242  0.990345
0.003327  0.003239  0.172093  0.821341
0.003245  0.003160  0.121576  0.872019
0.003246  0.003159  0.330104  0.663491
0.003491  0.003394  0.003482  0.989633
0.003246  0.003159  0.330104  0.663491
0.003318  0.003234  0.208313  0.785135
0.003581  0.003486  0.205061  0.787872
0.453901  0.003153  0.003233  0.539714
0.003605  0.750841  0.241907  0.003647
0.003247  0.003156  0.003236  0.990361
0.003401  0.104112  0.141610  0.750877
0.553208  0.003318  0.440057  0.003418
0.003401  0.024112  0.235253  0.737234
0.004141  0.004020  0.987690  0.004148
0.760985  0.003161  0.232600  0.003254
0.003250  0.003152  0.003244  0.990353
0.003248  0.003158  0.232780  0.760814
0.003340  0.003236  0.990081  0.003343
0.003246  0.003152  0.553824  0.439777
0.293216  0.003241  0.700200  0.003343
0.270649  0.003155  0.722952  0.003244
0.003250  0.003152  0.003244  0.990353
0.003258  0.003156  0.003250  0.990336
0.003420  0.003313  0.003414  0.989852
0.540424  0.003234  0.453011  0.003330
0.003326  0.003230  0.578516  0.414928
0.004428  0.004293  0.004399  0.986881
0.003327  0.003235  0.003316  0.990122
0.003248  0.003153  0.256544  0.737055
0.003418  0.003314  0.003400  0.989868
0.003510  0.003401  0.003496  0.989593
0.989850  0.003313  0.003412  0.003425
0.003335  0.003237  0.003322  0.990106
0.004020  0.003912  0.208348  0.783720
0.003419  0.003313  0.003405  0.989864
0.003335  0.003235  0.177060  0.816369
0.003247  0.003156  0.003236  0.990361
0.003507  0.003400  0.003488  0.989605
0.003326  0.003242  0.169220  0.824211
0.003700  0.003589  0.201055  0.791657
0.583369  0.003241  0.410043  0.003346
0.003239  0.003155  0.003229  0.990377
0.003247  0.003156  0.003236  0.990361
0.003246  0.003156  0.184690  0.808908
0.003246  0.003163  0.168535  0.825056
0.003255  0.003158  0.003242  0.990345
0.003247  0.003156  0.003236  0.990361
0.003247  0.003156  0.003236  0.990361
0.004206  0.496331  0.495283  0.004180
0.004814  0.759438  0.230937  0.004811
0.007055  0.978904  0.007019  0.007021
0.734541  0.003156  0.259050  0.003253
0.990097  0.003236  0.003327  0.003339
0.003589  0.541530  0.451270  0.003612
0.003793  0.272554  0.182894  0.540759
0.004006  0.987988  0.003991  0.004015
0.819228  0.003156  0.174361  0.003254
0.003250  0.003152  0.003244  0.990353
0.003242  0.003152  0.003237  0.990369
0.003419  0.003314  0.198313  0.794954
0.990136  0.003230  0.003309  0.003325
0.004009  0.003908  0.003997  0.988086
0.003500  0.003401  0.003487  0.989613
0.876380  0.004311  0.114902  0.004407
0.370354  0.003160  0.003234  0.623252
0.004577  0.004451  0.004545  0.986427
0.608051  0.003165  0.003227  0.385557
0.003247  0.003158  0.003235  0.990360
0.003239  0.003152  0.003231  0.990378
0.370354  0.003160  0.003234  0.623252
0.680274  0.310936  0.004383  0.004407
0.003499  0.003404  0.003487  0.989609
0.627714  0.003326  0.365529  0.003431
0.003250  0.003152  0.003244  0.990353
0.261438  0.003693  0.731054  0.003815
0.760985  0.003161  0.232600  0.003254
0.990339  0.003158  0.003248  0.003256
0.003415  0.003316  0.296866  0.696403
0.734541  0.003156  0.259050  0.003253
0.990337  0.003157  0.003247  0.003259
0.989891  0.003307  0.003396  0.003406
0.003246  0.003156  0.505508  0.488090
0.990371  0.003154  0.003230  0.003246
0.990371  0.003154  0.003230  0.003246
0.989050  0.003593  0.003669  0.003689
0.869791  0.004468  0.121185  0.004556
0.003247  0.003156  0.003236  0.990361
0.877455  0.004051  0.114357  0.004138
0.989886  0.003313  0.003392  0.003409
0.990094  0.003240  0.003324  0.003342
0.884420  0.003242  0.109015  0.003324
0.882399  0.003166  0.111191  0.003244
0.791574  0.003322  0.201682  0.003422
0.990374  0.003156  0.003230  0.003239
0.990371  0.003154  0.003230  0.003246
0.990334  0.003161  0.003244  0.003261
0.882399  0.003166  0.111191  0.003244
0.990311  0.003165  0.003256  0.003269
0.003499  0.003394  0.003486  0.989621
0.003247  0.003156  0.003236  0.990361
0.003255  0.003158  0.003242  0.990345
0.003255  0.003158  0.003242  0.990345
0.990334  0.003161  0.003244  0.003261
0.003247  0.003156  0.223965  0.769632
0.003247  0.003156  0.003236  0.990361
0.003247  0.003156  0.003236  0.990361
0.807954  0.003156  0.185637  0.003253
0.732474  0.003312  0.260795  0.003419
0.989850  0.003316  0.003408  0.003426
0.003327  0.003235  0.003316  0.990123
0.770010  0.003159  0.223575  0.003256
0.003247  0.003156  0.003236  0.990361
0.990337  0.003161  0.003244  0.003258
0.003612  0.989214  0.003586  0.003588
0.004586  0.986279  0.004543  0.004592
0.003418  0.989804  0.003380  0.003398
0.003255  0.003158  0.003242  0.990345
0.004886  0.985281  0.004904  0.004928
0.004780  0.985723  0.004733  0.004764
0.004157  0.987593  0.004125  0.004125
0.003368  0.989913  0.003358  0.003361
0.003254  0.003164  0.232054  0.761528
0.003246  0.003156  0.184690  0.808908
0.003593  0.003497  0.180438  0.812473
0.005281  0.005141  0.005258  0.984321
0.003247  0.003152  0.003242  0.990359
0.003597  0.003488  0.174255  0.818661
0.990317  0.003160  0.003252  0.003271
0.003254  0.003164  0.232054  0.761528
0.003325  0.003238  0.421289  0.572148
0.003255  0.003158  0.003242  0.990345
0.348556  0.003316  0.003397  0.644732
0.003239  0.003162  0.129970  0.863630
0.003254  0.003164  0.232054  0.761528
0.003255  0.003158  0.003242  0.990345
0.003247  0.003156  0.003236  0.990361
0.003255  0.003158  0.003242  0.990345
0.003247  0.003156  0.003236  0.990361
0.584503  0.003162  0.409069  0.003265
0.003415  0.003313  0.003397  0.989875
0.003247  0.003156  0.003236  0.990361
0.003250  0.003152  0.003244  0.990353
0.003247  0.003156  0.003236  0.990361
0.771551  0.003695  0.220951  0.003804
0.003247  0.003156  0.003236  0.990361
0.003424  0.003306  0.003395  0.989875
0.003246  0.003163  0.168535  0.825056
0.003251  0.003158  0.003240  0.990351
0.728145  0.110281  0.158319  0.003255
0.003326  0.003242  0.169386  0.824045
0.003784  0.988646  0.003778  0.003792
0.003248  0.003158  0.232780  0.760814
0.990070  0.003236  0.003341  0.003352
0.003253  0.003153  0.169654  0.823939
0.003246  0.003156  0.505508  0.488090
0.003247  0.003156  0.990330  0.003268
0.003250  0.003152  0.003244  0.990353
0.871191  0.003149  0.122423  0.003238
0.004154  0.004040  0.244784  0.747022
0.774441  0.003318  0.218820  0.003420
0.003419  0.003313  0.003405  0.989864
0.325677  0.003161  0.667898  0.003264
0.003690  0.003585  0.003676  0.989049
0.003412  0.003311  0.003400  0.989877
0.003327  0.003234  0.003316  0.990124
0.848633  0.003152  0.144973  0.003242
0.989850  0.003313  0.003412  0.003425
0.986478  0.004442  0.004526  0.004553
0.990372  0.003152  0.003233  0.003244
0.988078  0.003911  0.003995  0.004017
0.990137  0.003228  0.003312  0.003323
0.988748  0.003688  0.003771  0.003793
0.989885  0.003313  0.003393  0.003409
0.198430  0.003704  0.003768  0.794098
0.882399  0.003166  0.111191  0.003244
0.865213  0.003234  0.128229  0.003324
0.381874  0.003235  0.003314  0.611577
0.003319  0.003234  0.003309  0.990139
0.864527  0.003309  0.128755  0.003409
0.990099  0.003236  0.003323  0.003341
0.988705  0.003691  0.003790  0.003814
0.212160  0.003163  0.003232  0.781446
0.990380  0.003149  0.003230  0.003241
0.814747  0.003150  0.178855  0.003248
0.003486  0.003393  0.003481  0.989641
0.444314  0.003156  0.003240  0.549289
0.656576  0.003159  0.337000  0.003264
0.216479  0.003239  0.003311  0.776972
0.990346  0.003154  0.003244  0.003256
0.003794  0.003676  0.003791  0.988739
0.003246  0.003163  0.168535  0.825056
0.003335  0.003238  0.003322  0.990105
0.003327  0.003231  0.003316  0.990126
0.003255  0.003158  0.003242  0.990345
0.003239  0.003152  0.003231  0.990378
0.371010  0.003238  0.003314  0.622438
0.003246  0.003156  0.184690  0.808908
0.990098  0.003235  0.003327  0.003339
0.329846  0.003321  0.272922  0.393911
0.003504  0.003394  0.003506  0.989597
0.006899  0.006741  0.006923  0.979437
0.003254  0.003164  0.232054  0.761528
0.003517  0.003405  0.989556  0.003522
0.003247  0.003156  0.003236  0.990361
0.003247  0.003156  0.003236  0.990361
0.618974  0.003322  0.374273  0.003431
0.003500  0.003403  0.182869  0.810228
0.330029  0.003237  0.406301  0.260434
0.003338  0.003241  0.003336  0.990085
0.003335  0.003238  0.003322  0.990105
0.003247  0.003156  0.003236  0.990361
0.003419  0.003313  0.003405  0.989864
0.539061  0.003316  0.454209  0.003414
0.003336  0.003233  0.003322  0.990109
0.003307  0.990095  0.003297  0.003300
0.989897  0.003441  0.003326  0.003336
0.003932  0.445091  0.003940  0.547036
0.003299  0.990120  0.003289  0.003292
0.989852  0.003312  0.003412  0.003423
0.003239  0.003152  0.003231  0.990378
0.003246  0.003163  0.168535  0.825056
0.004140  0.313457  0.149320  0.533083
0.003258  0.003156  0.003250  0.990336
0.003246  0.003156  0.505508  0.488090
0.003410  0.003311  0.003398  0.989881
0.305588  0.003158  0.688007  0.003247
0.624463  0.003318  0.368802  0.003417
0.003246  0.003156  0.505508  0.488090
0.003713  0.003585  0.988986  0.003715
0.476880  0.003228  0.516577  0.003315
0.636937  0.003306  0.356355  0.003402
0.555247  0.003161  0.438340  0.003252
0.003321  0.003232  0.173028  0.820419
0.003425  0.003316  0.989831  0.003428
0.003258  0.003156  0.003250  0.990336
0.003413  0.003314  0.237256  0.756016
0.003339  0.003231  0.003330  0.990099
0.003250  0.003152  0.003244  0.990353
0.989575  0.003402  0.003509  0.003513
0.003340  0.003236  0.990081  0.003343
0.004849  0.984876  0.005389  0.004887
0.989345  0.003484  0.003580  0.003590
0.003491  0.003396  0.003481  0.989632
0.003255  0.003158  0.003242  0.990345
0.003247  0.003156  0.003236  0.990361
0.990334  0.003161  0.003244  0.003261
0.003411  0.003318  0.178956  0.814315
0.370354  0.003160  0.003234  0.623252
0.003255  0.003158  0.003242  0.990345
0.990303  0.003167  0.003260  0.003270
0.989886  0.003313  0.003392  0.003409
0.003261  0.003161  0.003256  0.990322
0.003509  0.003408  0.003494  0.989590
0.003412  0.003311  0.003400  0.989877
0.990099  0.003236  0.003323  0.003341
0.990334  0.003161  0.003244  0.003261
0.989891  0.003307  0.003393  0.003409
0.990371  0.003154  0.003230  0.003246
0.003425  0.003317  0.003420  0.989838
0.003327  0.003231  0.003322  0.990121
0.003307  0.990068  0.003299  0.003325
0.003241  0.990276  0.003236  0.003247
0.003274  0.990211  0.003257  0.003258
0.003238  0.990305  0.003231  0.003226
0.003362  0.989931  0.003352  0.003355
0.003899  0.988307  0.003885  0.003909
0.004742  0.985797  0.004730  0.004730
0.003569  0.989277  0.003561  0.003592
0.003710  0.988843  0.003711  0.003736
0.003322  0.990023  0.003314  0.003341
0.003607  0.003489  0.989295  0.003609
0.003249  0.003161  0.506822  0.486768
0.003253  0.003161  0.155280  0.838306
0.003421  0.003326  0.364668  0.628585
0.775191  0.003235  0.218238  0.003336
0.003246  0.003157  0.990332  0.003265
0.523253  0.003154  0.003241  0.470352
0.003247  0.003156  0.003236  0.990361
0.003255  0.003158  0.003242  0.990345
0.003255  0.003158  0.003242  0.990345
0.003255  0.003158  0.003242  0.990345
0.003255  0.003158  0.003242  0.990345
0.987302  0.004146  0.004261  0.004291
0.584503  0.003162  0.409069  0.003265
0.003323  0.003224  0.003318  0.990135
0.003246  0.003163  0.168535  0.825056
0.003247  0.003156  0.003236  0.990361
0.357601  0.003152  0.003237  0.636010
0.469112  0.003237  0.524314  0.003336
0.571653  0.003163  0.421925  0.003259
0.003327  0.003239  0.172093  0.821341
0.003239  0.003155  0.003229  0.990377
0.003252  0.003148  0.124144  0.869456
0.003336  0.003234  0.003322  0.990108
0.003412  0.003311  0.003400  0.989877
0.003246  0.003156  0.184690  0.808908
0.003319  0.003228  0.141223  0.852230
0.685684  0.303348  0.005466  0.005502
0.580994  0.412510  0.003240  0.003256
0.003243  0.003149  0.003239  0.990370
0.692743  0.297372  0.004971  0.004914
0.003250  0.003152  0.003244  0.990353
0.003339  0.003231  0.003330  0.990099
0.003250  0.003152  0.003244  0.990353
0.703744  0.003155  0.289850  0.003250
0.003330  0.003231  0.003324  0.990114
0.003248  0.003158  0.232780  0.760814
0.003487  0.989543  0.003482  0.003488
0.003893  0.003791  0.146555  0.845760
0.776523  0.003402  0.216563  0.003512
0.289601  0.003174  0.129552  0.577673
0.003500  0.003403  0.003485  0.989611
0.003239  0.003153  0.141494  0.852115
0.003687  0.003584  0.459458  0.533271
0.003601  0.003487  0.181477  0.811436
