    6.089479     4.614165     4.465486     4.512721     4.614152     4.528161     4.383633     4.519139
    4.614165     5.483740     4.545757     4.385733     4.530908     4.615886     4.283881     4.576011
    4.465486     4.545757     5.815247     4.394367     4.480743     4.433123     4.422604     4.533660
    4.512721     4.385733     4.394367     6.556643     4.398153     4.295736     4.440111     4.389176
    4.614152     4.530908     4.480743     4.398153     5.975955     4.429563     4.306239     4.537080
    4.528161     4.615886     4.433123     4.295736     4.429563     5.432255     4.268921     4.560537
    4.383633     4.283881     4.422604     4.440111     4.306239     4.268921     6.618525     4.325902
    4.519139     4.576011     4.533660     4.389176     4.537080     4.560537     4.325902     5.559993
