    5.821061     4.771684     4.570336     4.854489     4.824660     4.672506     4.737412     4.734606
    4.771684     5.469219     4.675566     4.829645     4.809926     4.781873     4.713001     4.830292
    4.570336     4.675566     5.556663     4.700510     4.693548     4.596061     4.707777     4.713735
    4.854489     4.829645     4.700510     6.558432     4.871869     4.700944     4.974273     4.842792
    4.824660     4.809926     4.693548     4.871869     6.008982     4.694942     4.781979     4.831941
    4.672506     4.781873     4.596061     4.700944     4.694942     5.381293     4.667981     4.796044
    4.737412     4.713001     4.707777     4.974273     4.781979     4.667981     6.611019     4.792897
    4.734606     4.830292     4.713735     4.842792     4.831941     4.796044     4.792897     5.649637
